34.7
33.4
36.2
18.9
18.9
21.7
20.4
18.2
19.9
17.5
20.2
13.6
19.6
15.2
14.5
15.6
13.9
16.6
14.8
18.4
12.7
14.5
13.2
13.1
13.5
18.9
20
21
24.7
30.8
26.6
25.3
24.7
21.2
19.3
16.6
14.4
19.7
18.9
35.4
24.7
23.3
19.6
18.7
22.2
25
33
19.4
22
20.9
21.7
22.8
23.4
24.1
20.8
21.2
20.3
28
24.8
22.9
23.9
26.6
22.5
22.2
23.6
28.7
22
25
28.4
21.4
38.7
43.8
33.2
27.5
18.6
20.1
19.5
20.4
21.7
22.8
18.7
18.5
18.3
19.2
19.3
22
20.3
20.5
18.8
21.4
15.7
16.2
18
14.3
19.2
19.6
23
15.6
18.1
17.8
14
14.4
11.8
13.8
15.6
14.6
17.8
19.6
17
15.6
13.1
41.3
24.3
23.3
27
50
50
50
50
23.8
23.8
23.6
22.6
29.4
23.2
24.6
29.9
37.2
39.8
36.2
32.5
26.4
32
34.9
37
36.4
29.1
50
33.3
30.3
34.6
42.3
48.5
50
22.6
24.4
22.5
20
19.3
22.4
28.1
23.7
23.3
28.7
23
26.7
21.7
50
37.6
31.6
46.7
31.5
24.3
48.3
24
25.1
31.5
23.7
23.3
20.1
22.2
23.7
17.6
18.5
24.3
20.5
24.5
26.2
24.4
24.8
29.6
42.8
21.9
44
50
36
30.1
33.8
48.8
31
22.8
43.5
25.2
24.4
35.2
33.2
29.1
35.1
45.4
46
32.2
22
20.1
23.2
22.3
24.8
28.5
37.3
23.9
28.6
27.1
20.3
22.5
29
36.1
33.4
28.2
22.8
22.1
23.8
16.2
17.8
19.8
21
23.8
23.1
20.4
25
24.6
23
22.2
19.3
19.8
17.1
22.2
21.1
18.5
20.6
18.7
32.7
16.5
31.2
17.5
17.2
23.1
26.6
22.9
24.1
18.6
18.2
17.8
22.7
22.6
25
20.8
16.8
27.5
21.9
23.1
50
50
50
13.8
13.8
15
13.3
13.1
10.2
10.4
10.9
12.3
8.8
7.2
10.5
7.4
10.2
23.2
9.7
13.1
12.5
8.5
5
6.3
5.6
7.2
5
11.9
27.9
27.5
15
17.2
17.9
7
7.2
7.5
10.4
8.8
16.7
14.2
13.4
11.7
8.3
14.5
14.1
16.1
11.7
13.4
9.6
8.7
10.5
17.1
15.4
10.8
12.6
14.1
13
15.2
16.1
14.9
14.1
12.7
13.5
14.9
20
17.7
21.4
19.1
19.1
20.1
19.9
19.6
23.2
29.8
13.8
13.3
12
21.4
23
23.7
21.8
21.2
19.1
20.6
7
13.6
20.1
21.2
17.5
16.8
22.4
20.6
23.9
22
11.9
