-0.416928995127746 -0.487240187226824 -0.592794378242936 -0.272329067679209 -0.739530360743428 -1.34918005946001 -0.00329808421800412 1.28144555123103 -0.265548971154389 0.556609049570402 -0.86702448858815 -0.986353380438696 -0.302794499749459 0.396035074079377 -1.20753241340982
-0.416338403561022 -0.487240187226824 -1.30558569410200 -0.272329067679209 -0.834458050107496 1.47254756646251 -0.109695063920108 1.01529776114009 -0.809087829754461 1.07667113511199 -0.752177789314431 -1.10502160301276 0.112920348564992 0.415751407655665 -1.36017078492752
-0.412074053429642 -0.487240187226824 -1.30558569410200 -0.272329067679209 -0.834458050107496 -0.425451324383736 0.295971258724684 1.22736204308421 -0.510674338758343 1.07667113511199 -0.752177789314431 -1.10502160301276 0.112920348564992 0.440615894999094 -1.02548664921439
-0.400333139586454 0.0487240187226824 -0.476182302028774 -0.272329067679209 -0.264891913923086 0.48535347001717 1.01573433860558 -0.399412951963647 0.615481335596054 1.32832020746017 -0.522484390766995 -0.57694801255819 -1.50374850599121 0.328999539919999 0.622727692770355
-0.406444832236582 0.0487240187226824 -0.476182302028774 -0.272329067679209 -0.264891913923086 1.34671054805739 -0.738258476568263 -0.392296700891695 0.508905088811726 1.15479204924914 -0.522484390766995 -0.57694801255819 -1.50374850599121 0.440615894999094 0.0863928644099822
-0.40919898857825 0.0487240187226824 -0.476182302028774 -0.272329067679209 -0.264891913923086 -0.852319637566092 1.92698319815982 -0.563086726618504 -1.05066065579894 0.786365269993213 -0.522484390766995 -0.57694801255819 -1.50374850599121 0.370513375616738 0.428078760284476
-0.346886927961638 -0.487240187226824 -0.436825726306494 -0.272329067679209 -0.144074854732454 0.959940416858182 1.08612567658345 -0.4776917137551 -0.240681180238046 0.433325223977673 -0.637331090040713 -0.600681657073002 1.17530273870192 0.440615894999094 -0.615183503758547
-0.345933610865746 -0.487240187226824 -0.436825726306494 -0.272329067679209 -0.144074854732454 0.541481815141691 1.29396704425561 -0.268473932239759 0.565745753763367 0.316689986822149 -0.637331090040713 -0.600681657073002 1.17530273870192 0.255720500128130 -0.335113097304044
-0.347162459853987 -0.487240187226824 -0.436825726306494 -0.272329067679209 -0.144074854732454 1.63528392429946 -0.554408663512591 -0.641365488409959 -0.428965882890359 0.334118786511106 -0.637331090040713 -0.600681657073002 1.17530273870192 0.426595391122623 -0.585776111080824
-0.328932014267789 -0.487240187226824 -0.436825726306494 -0.272329067679209 -0.144074854732454 -0.600553848966933 0.270768172059441 -0.419338454965107 0.466274590097995 0.219810555308603 -0.637331090040713 -0.600681657073002 1.17530273870192 0.329437680666139 0.282442148928134
-0.326780075311086 -0.487240187226824 -0.436825726306494 -0.272329067679209 -0.144074854732454 -0.82722760100949 1.55462527148741 -1.17935406944941 -1.1359216532264 0.000692076385318329 -0.637331090040713 -0.600681657073002 1.17530273870192 -0.741378302899351 -0.134862756689075
-0.274570850747281 -0.487240187226824 -0.436825726306494 -0.272329067679209 -0.144074854732454 1.66883883916483 1.21084370212957 -1.01710354500894 1.04889140585232 0.00135693522903867 -0.637331090040713 -0.600681657073002 1.17530273870192 0.217930860773578 1.17166568942118
-0.321045059172018 -0.487240187226824 -0.436825726306494 -0.272329067679209 -0.144074854732454 -0.668597136898883 2.09890972317595 -0.454919710324859 0.732715207058814 0.103175318153079 -0.637331090040713 -0.600681657073002 1.17530273870192 0.392749018483329 0.164812578217243
-0.276816958831749 -0.487240187226824 -0.436825726306494 -0.272329067679209 -0.144074854732454 -1.57774360705895 -1.31411864532805 -0.203004422377815 0.821528746045754 0.0863638873904346 -0.637331090040713 -0.600681657073002 1.17530273870192 0.440615894999094 0.849584721998502
-0.305188605670955 -0.487240187226824 -0.436825726306494 -0.272329067679209 -0.144074854732454 -0.847283856852167 -0.238324836424045 -0.67125374291215 1.11638969548239 0.142544459684810 -0.637331090040713 -0.600681657073002 1.17530273870192 0.414765590976851 1.01202555774211
-0.332877816979322 -0.487240187226824 -0.436825726306494 -0.272329067679209 -0.144074854732454 0.172904219113592 -1.04787617485809 -0.513272969114851 0.906789743473216 0.287103768276591 -0.637331090040713 -0.600681657073002 1.17530273870192 0.412465352059617 0.510699530188554
-0.322382028269916 -0.487240187226824 -0.436825726306494 -0.272329067679209 -0.144074854732454 -0.650502749386619 -0.447034114617038 -0.975829288791626 0.608376252477098 0.313223222851322 -0.637331090040713 -0.600681657073002 1.17530273870192 -0.583319028729445 0.540106922866277
-0.341986645572388 -0.487240187226824 -0.436825726306494 -0.272329067679209 -0.144074854732454 1.17806352796703 -1.16698981281628 -0.67125374291215 0.771793164213068 0.421215295038480 -0.637331090040713 -0.600681657073002 1.17530273870192 0.221326451556161 0.302047077379950
-0.308985597908984 -0.487240187226824 -0.436825726306494 -0.272329067679209 -0.144074854732454 1.31532886941456 -0.788766528978057 -0.338213192744873 0.718505040820904 0.312653343842418 -0.637331090040713 -0.600681657073002 1.17530273870192 -0.550896613515106 0.64793402935126
-0.330235268492782 -0.487240187226824 -0.436825726306494 -0.272329067679209 -0.144074854732454 0.99064567761408 0.275585133174602 0.299402903301880 0.91744736815165 0.31327071276873 -0.637331090040713 -0.600681657073002 1.17530273870192 0.342472367863796 0.0205763188931742
-0.288635765657161 -0.487240187226824 -0.436825726306494 -0.272329067679209 -0.144074854732454 -0.229959539669009 0.0876560845870043 -0.813578764351157 0.906789743473216 0.207985565873862 -0.637331090040713 -0.600681657073002 1.17530273870192 0.0382931548562911 1.39292131052024
-0.262604396030187 -0.487240187226824 -0.436825726306494 -0.272329067679209 -0.144074854732454 0.61323631325569 0.660064556251478 -0.302631937385121 1.11638969548239 0.180441413776873 -0.637331090040713 -0.600681657073002 1.17530273870192 0.219683423758138 0.0541847676677143
-0.258736486300879 -0.487240187226824 -0.436825726306494 -0.272329067679209 -0.144074854732454 0.588619414546297 0.52878299723662 -0.47626846354071 0.476932214776427 0.0925850665709614 -0.637331090040713 -0.600681657073002 1.17530273870192 -1.35904721976983 2.10850119901149
-0.286204807062637 -0.487240187226824 -0.436825726306494 -0.272329067679209 -0.144074854732454 0.929499079637707 0.192596110139520 -0.830657766923839 0.938762617508514 -0.00372448593368161 -0.637331090040713 -0.600681657073002 1.17530273870192 0.0229582287414003 0.79777169680442
-0.232598159146073 -0.487240187226824 -0.436825726306494 -0.272329067679209 -0.144074854732454 1.17521215610542 1.78862551967767 -0.268473932239759 1.00626090713859 -0.0167367233036383 -0.637331090040713 -0.600681657073002 1.17530273870192 -1.18696744172345 1.07644175122665
-0.41264139335988 -0.487240187226824 -0.754593633990086 -0.272329067679209 -0.480636662477787 -1.72558075556916 -0.424758224049662 -0.500463717185341 -0.0133185204314803 -0.206458943350999 -0.522484390766995 -0.766817168676685 0.343873042073021 0.440615894999094 -0.41633351517585
-0.408773483630572 -0.487240187226824 -0.754593633990086 -0.272329067679209 -0.480636662477787 -1.31993665819850 0.158578543935013 -0.631402736909228 -0.254891346475957 -0.198100717887086 -0.522484390766995 -0.766817168676685 0.343873042073021 0.228774844240537 -0.174072613592705
-0.410784750186539 -0.487240187226824 -0.754593633990086 -0.272329067679209 -0.480636662477787 -2.07175951131164 0.358670228074642 -0.618593484979718 -0.961847116811998 0.066085692656962 -0.522484390766995 -0.766817168676685 0.343873042073021 0.440615894999094 -0.543765550112649
-0.399750686092501 -0.487240187226824 -0.754593633990086 -0.272329067679209 -0.480636662477787 1.07790459119198 -1.29624619328552 -0.453496460110469 -1.36328431303297 0.0248169544288877 -0.522484390766995 -0.766817168676685 0.343873042073021 0.402607185271473 -0.353317673723587
-0.416889467345721 2.72854504847022 -1.19334657074587 -0.272329067679209 -1.09335174837314 1.30017533697836 0.66308198822682 0.441727924740887 -1.66169780402908 0.76271529112373 -0.752177789314431 -0.927019269151666 -0.0718418062414302 0.426704926309158 -1.16692220447392
-0.405285738157796 -0.487240187226824 -0.616116793485768 -0.272329067679209 -0.920755949529376 -0.117498986173987 1.23994809065345 0.69079671225915 -2.33312815877035 0.914588046996436 -0.752177789314431 -1.03975408059702 -0.256603961047854 0.314759965670458 -1.09410389879575
-0.403651148112888 -0.487240187226824 -0.616116793485768 -0.272329067679209 -0.920755949529376 0.276418895404008 0.783385416346277 -0.164576666589284 -2.20168412106968 0.914588046996436 -0.752177789314431 -1.03975408059702 -0.256603961047854 0.292414787617332 -0.958269751665313
-0.401574776974762 -0.487240187226824 -0.616116793485768 -0.272329067679209 -0.920755949529376 0.0355422132153215 -2.08278615603666 -0.104800157584900 -2.20523666262916 0.914588046996436 -0.752177789314431 -1.03975408059702 -0.256603961047854 0.413889309484571 -0.730012370404893
-0.405837964524319 -0.487240187226824 -0.616116793485768 -0.272329067679209 -0.920755949529376 -0.80909032909933 1.43148694292889 -0.306901688028291 -1.01513524020416 0.914588046996436 -0.752177789314431 -1.03975408059702 -0.256603961047854 0.358354969911361 -0.434538091595393
-0.400172703294706 -0.487240187226824 -0.616116793485768 -0.272329067679209 -0.920755949529376 0.459611055114526 -0.645041382403874 -0.857699520997249 -1.23539281689177 0.619913109476067 -0.752177789314431 -1.03975408059702 -0.256603961047854 0.440615894999094 -0.342114857465407
-0.393447167441371 -0.487240187226824 -0.616116793485768 -0.272329067679209 -0.920755949529376 -1.15631954159611 0.540345114248104 -0.362408446389504 0.601271169358143 0.899628723012727 -0.752177789314431 -1.03975408059702 -0.256603961047854 0.395049257400563 0.860787538256683
-0.390587216153694 -0.487240187226824 -0.616116793485768 -0.272329067679209 -0.920755949529376 0.866085729590853 -2.3556413766121 -1.26047933166964 0.949420242186947 0.98539551385266 -0.752177789314431 -1.03975408059702 -0.256603961047854 0.440615894999094 2.54261032901597
-0.409786092399501 0.413179678768347 -0.80123846447575 -0.272329067679209 -0.998424059009068 1.33773027340426 -0.298694465603096 -0.457766210753639 -0.812640371313939 1.43403276361171 -0.637331090040713 -0.980419969309993 -0.764699886765516 0.425938180003413 0.111599200990887
-0.418520569645156 2.72854504847022 -1.04029322071478 -0.272329067679209 -1.24868796733252 -0.37732715027153 0.148897274495464 -0.564509976832895 -0.745142081683864 1.67385684652515 -0.752177789314431 0.360530945776881 1.22149327740353 0.440615894999094 0.300646725347677
-0.418577536154544 3.37170209560962 -1.44552018555900 -0.272329067679209 -1.30909649692784 0.0761102715647138 0.504942744650786 1.37253356495200 -1.65814526246961 2.32774551932418 -0.522484390766995 -1.08128795849794 -0.256603961047854 0.429990981905206 -1.09830495489256
-0.417712575277296 3.15731641322982 -1.51548743128749 -0.272329067679209 -1.24868796733252 0.0233529372935144 -0.931040692762555 0.139998879290192 -1.16789452726170 2.56092101380041 -0.86702448858815 -0.565081190300784 -0.533747193257488 0.440615894999094 -0.963871159794403
-0.402145604650473 0.584688224672189 -0.875578663062279 -0.272329067679209 -0.877606999818436 -0.817940891918156 1.12742702184232 -0.198734671734646 -1.39880972862774 1.90897942761513 -0.17794429294584 -0.737150113033170 0.57482573558105 0.372485008974367 -0.811232788276699
-0.408094535845205 0.584688224672189 -0.875578663062279 -0.272329067679209 -0.877606999818436 -1.61262288566807 0.632003203877573 -0.509003218471682 -0.759352247921775 1.48973843673200 -0.17794429294584 -0.737150113033170 0.57482573558105 0.440615894999094 -0.480749708660386
-0.402742009126318 0.584688224672189 -0.875578663062279 -0.272329067679209 -0.877606999818436 0.628367938902758 0.485965190937766 -0.773727758348236 -0.0843693516210322 1.62907385440884 -0.17794429294584 -0.737150113033170 0.57482573558105 0.421009096609342 0.0695886400227122
-0.407281891150048 0.584688224672189 -0.875578663062279 -0.272329067679209 -0.877606999818436 0.635411502357767 -1.05727857172463 0.243896144940668 -0.0275286866693909 1.62912134432625 -0.17794429294584 -0.737150113033170 0.57482573558105 0.440615894999094 -0.829437364696242
-0.405395020849276 0.584688224672189 -0.875578663062279 -0.272329067679209 -0.877606999818436 -0.230051549262307 0.759186978122103 0.679410710544029 -0.894348827181923 1.98786018043082 -0.17794429294584 -0.737150113033170 0.57482573558105 0.426157250376483 -0.441539851756755
-0.417833483787019 0.263109701102485 -1.42219777031616 -0.272329067679209 -1.19604624868517 -1.51179837637240 0.257975893242768 1.16616228386544 -0.322389636106031 2.57768495464564 -0.752177789314431 -1.14062206978497 0.0667298098633873 0.400526016727309 -0.64459089643627
-0.415010735117719 2.94293073085002 -1.13212523073344 -0.272329067679209 -1.35224544663878 -0.675076516638150 0.599605512927286 -0.708258248486292 -1.33131143899767 1.33753325143744 -0.637331090040713 -0.422679323211912 -1.08803365767676 0.440615894999094 -0.337913801368589
-0.413371494745514 0.0487240187226824 -0.738559473510639 -0.272329067679209 -1.25731775727471 -0.413627959353407 -0.240238188548568 -0.578742478976795 -1.67590797026699 1.28363219517867 -0.637331090040713 -0.375212034182289 0.205301425968203 0.433057967128184 -0.637589136274907
-0.405202032266449 0.0487240187226824 -0.738559473510639 -0.272329067679209 -1.25731775727471 1.66224016196856 -0.906572016132414 -0.568779727476065 -1.26381314936759 1.28363219517867 -0.637331090040713 -0.375212034182289 0.205301425968203 0.440615894999094 -0.540964846048104
-0.401644531884218 -0.487240187226824 -0.0476329219417285 -0.272329067679209 -1.22279859750596 0.488749695240043 1.50651978314989 -0.460612711182419 -1.81445709108662 0.708671765112742 -0.637331090040713 -0.612548479330408 0.343873042073021 0.221983662675371 -0.3883264745304
-0.409447781088642 -0.487240187226824 -0.0476329219417285 -0.272329067679209 -1.22279859750596 -0.781550353945332 0.63882639222986 -0.312594688885851 -2.15905362235595 0.708671765112742 -0.637331090040713 -0.612548479330408 0.343873042073021 0.375004318264671 -0.998879960601216
-0.397385994661959 -0.487240187226824 -0.0476329219417285 -0.272329067679209 -1.22279859750596 -0.438732980595546 0.540735133389653 -0.0564096502956381 -2.21589428730759 0.708671765112742 -0.637331090040713 -0.612548479330408 0.343873042073021 0.224502971965675 -0.716008850082168
-0.410921934841801 -0.487240187226824 0.246812570499031 -0.272329067679209 -1.01568363889344 0.367208366586172 1.60878016782439 -0.0165586442927166 -2.22299937042654 0.216771200594453 -0.522484390766995 -0.0607412443610305 0.112920348564992 0.418927928065178 -0.822435604534879
-0.409979080982328 -0.487240187226824 0.246812570499031 -0.272329067679209 -1.01568363889344 -0.259075064742665 1.62969449890548 -0.205850922806596 -0.809087829754461 0.140312433566605 -0.522484390766995 -0.0607412443610305 0.112920348564992 0.331737919583372 -0.333712745271772
-0.413537743946383 -0.487240187226824 0.246812570499031 -0.272329067679209 -1.01568363889344 0.656477656816995 -0.450746631346239 -0.0749119030827089 -0.528437046555731 0.578929310752444 -0.522484390766995 -0.0607412443610305 0.112920348564992 0.325603949137416 -0.0438398745913615
-0.410351107166090 -0.487240187226824 0.246812570499031 -0.272329067679209 -1.01568363889344 0.647245335329614 -0.449069704875505 -0.584435479834356 -1.1359216532264 0.33601838320745 -0.522484390766995 -0.0607412443610305 0.112920348564992 0.43141493933016 -0.497553933047656
-0.415319981882972 0.584688224672189 -0.914935238784559 -0.272329067679209 -1.11061132825751 -1.83478271442763 0.872738257497794 0.629596953040378 -1.24605044157021 0.762525331454096 -0.637331090040713 -0.75495034641928 0.251491964669810 0.440615894999094 -1.03108805734348
-0.415847794031185 0.584688224672189 -0.914935238784559 -0.272329067679209 -1.11061132825751 -1.74523844485580 1.07105158318858 0.0247156119245954 -1.29223348184341 0.762525331454096 -0.637331090040713 -0.75495034641928 0.251491964669810 0.440615894999094 -0.830837716728514
-0.415973352868205 0.584688224672189 -0.914935238784559 -0.272329067679209 -1.11061132825751 -1.67364579030606 1.17319864034395 -0.167423167018064 -0.777114955719163 0.762525331454096 -0.637331090040713 -0.75495034641928 0.251491964669810 0.372046868228227 -0.720209906178986
-0.414220179477223 -0.487240187226824 -0.96886832403361 -0.272329067679209 -0.912126159587188 0.701195691258336 -0.94785854877278 0.148538380576533 -0.730931915445954 0.467470474594458 -0.752177789314431 -0.95668632479518 0.0205392711617809 0.440615894999094 -0.424735627369485
-0.413434274164024 -0.487240187226824 -0.96886832403361 -0.272329067679209 -0.912126159587188 -1.68479020552021 -0.82121360180063 0.49154168224454 -0.443176049128269 0.305197426809268 -0.752177789314431 -0.95668632479518 0.0205392711617809 0.390229709193026 -0.857444405341692
-0.414070206421894 -0.487240187226824 -0.96886832403361 -0.272329067679209 -0.912126159587188 0.92321841671558 0.787474244485504 -0.383757199605356 -0.833955620670804 0.300210985481365 -0.752177789314431 -0.95668632479518 0.0205392711617809 0.430648193024416 0.0289784310868091
-0.411788058300874 -0.487240187226824 -0.96886832403361 -0.272329067679209 -0.912126159587188 0.074951530402168 0.81870456492118 -0.232892676880007 -0.418308258211926 -0.0225304932274876 -0.752177789314431 -0.95668632479518 0.0205392711617809 0.421447237355481 -0.589977167177642
-0.413521467800844 -0.487240187226824 -1.12629462692273 -0.272329067679209 -0.566934561899667 0.205382098632887 -0.573612843501293 1.02810701306960 0.629691501833964 -0.177300134062118 -0.86702448858815 -0.820217868835012 -0.302794499749459 0.440615894999094 -1.00168066466576
-0.413937672093928 -0.487240187226824 -1.12629462692273 -0.272329067679209 -0.566934561899667 2.09819608127072 -3.33262598252379 1.13058102850568 -0.194498139964838 -0.180719408115538 -0.86702448858815 -0.820217868835012 -0.302794499749459 0.43141493933016 -0.97367362402031
-0.415530409193162 -0.487240187226824 -1.12629462692273 -0.272329067679209 -0.566934561899667 -0.316467458149617 1.21113411384695 0.171310384006774 0.189176348458743 -0.333826901840867 -0.86702448858815 -0.820217868835012 -0.302794499749459 0.403921607509892 -0.623585615952182
-0.416759258181404 0.713319634100071 0.568953431040653 -0.272329067679209 -0.782679310454368 0.0535519131770909 -0.915256980604784 -0.104800157584900 -1.40946735330617 -0.0613297557503145 -0.637331090040713 -0.820217868835012 -0.118032344943037 0.434372389366603 -0.902255670374413
-0.405913532342895 -0.487240187226824 -1.20209247646193 -0.272329067679209 -0.94664531935594 -1.56644870050711 0.479583012791619 0.48442543117259 -0.38278284261715 -0.142395044766796 -0.86702448858815 -0.784617402062794 -0.210413422346248 0.0143049490051411 -0.840640180954422
-0.406727339619876 -0.487240187226824 -1.20209247646193 -0.272329067679209 -0.94664531935594 -0.478687974212811 -1.01850477055794 -0.173116167875624 0.0364170614012057 -0.142395044766796 -0.86702448858815 -0.784617402062794 -0.210413422346248 0.385081555425884 -0.183875077818613
-0.406054204743631 -0.487240187226824 -1.20209247646193 -0.272329067679209 -0.94664531935594 -0.0192812305553917 0.257453381317883 2.53959874075186 0.263779721207772 -0.142395044766796 -0.86702448858815 -0.784617402062794 -0.210413422346248 0.440615894999094 -1.18232607682892
-0.410583623530942 -0.487240187226824 -1.20209247646193 -0.272329067679209 -0.94664531935594 1.57216912558959 0.0223085296301841 2.18520943736873 -1.12526402854797 -0.142395044766796 -0.86702448858815 -0.784617402062794 -0.210413422346248 0.403702537136822 -1.27194860689436
-0.412126369611733 -0.487240187226824 -1.20209247646193 -0.272329067679209 -0.94664531935594 0.146733095149474 -0.208699027938959 1.61021635075514 -0.215813389321703 -0.142395044766796 -0.86702448858815 -0.784617402062794 -0.210413422346248 0.440615894999094 -0.905056374438957
-0.402818739526719 -0.487240187226824 -0.375604386294059 -0.272329067679209 -0.299411073691839 -0.181139434685044 -0.759261575024952 0.629596953040378 0.402328842027398 -0.4830877122561 -0.522484390766995 -0.143809000162872 1.12911220000032 0.417175365080619 -0.452742668014936
-0.393506459114408 -0.487240187226824 -0.375604386294059 -0.272329067679209 -0.299411073691839 -0.647184149309402 -0.587407951924173 0.171310384006774 0.597718627798666 -0.513053850140927 -0.522484390766995 -0.143809000162872 1.12911220000032 -3.13132653790502 -0.283300072109961
-0.403872038659497 -0.487240187226824 -0.375604386294059 -0.272329067679209 -0.299411073691839 0.726510006889345 -0.291681017909813 -0.167423167018064 0.761135539534635 -0.652531737569989 -0.522484390766995 -0.143809000162872 1.12911220000032 0.394501581467888 -0.045240226623634
-0.40019828009484 -0.487240187226824 -0.375604386294059 -0.272329067679209 -0.299411073691839 0.949943434292882 -0.440558963845962 -0.638518987981178 0.82863382916471 -0.75226056412805 -0.522484390766995 -0.143809000162872 1.12911220000032 0.427143067055298 0.841182609804867
-0.404852095137347 -0.487240187226824 -0.375604386294059 -0.272329067679209 -0.299411073691839 0.089309896914244 1.06200575003598 -0.224353175593667 0.59061354467971 -0.794336630952071 -0.522484390766995 -0.143809000162872 1.12911220000032 0.339733988200422 0.201221731056328
-0.407553935296924 -0.487240187226824 -0.375604386294059 -0.272329067679209 -0.299411073691839 1.69005675922359 -0.134037400311301 -0.127572161015142 -0.503569255639388 -0.4830877122561 -0.522484390766995 -0.143809000162872 1.12911220000032 0.403264396390683 0.0485833595386244
-0.408378205810324 -0.487240187226824 -0.164244998155891 -0.272329067679209 -0.0664067452527617 0.400020682449636 -1.95747235431088 0.612517950467696 0.462722048538517 -0.530720099416927 -0.407637691493277 0.140994734014871 -0.302794499749459 0.426266785563018 -0.349116617626770
-0.394278413445715 -0.487240187226824 -0.164244998155891 -0.272329067679209 -0.0664067452527617 -1.78946910279864 0.49917608831856 -0.27416693309732 0.952972783746425 -0.592219542461065 -0.407637691493277 0.140994734014871 -0.302794499749459 0.440615894999094 0.621327340738083
-0.403556978985123 -0.487240187226824 -0.164244998155891 -0.272329067679209 -0.0664067452527617 -0.851861678742519 1.13726509298645 -0.0436003983661282 0.555088129084935 -0.730652651707137 -0.407637691493277 0.140994734014871 -0.302794499749459 0.35123518278659 -0.308506408690867
-0.400182003949301 -0.487240187226824 -0.164244998155891 -0.272329067679209 -0.0664067452527617 -1.7706840508923 -0.319961831744120 -0.507579968257292 0.697189791464038 -0.632538482340968 -0.407637691493277 0.140994734014871 -0.302794499749459 -0.128857539796014 0.435080520445838
-0.402549020543491 -0.487240187226824 -0.164244998155891 -0.272329067679209 -0.0664067452527617 -1.59874851215875 0.327807696510786 -0.375217698319015 0.498247464133293 -0.497524647148315 -0.407637691493277 0.140994734014871 -0.302794499749459 0.414436985417245 -0.329511689174954
-0.40327214643818 -0.487240187226824 -0.164244998155891 -0.272329067679209 -0.0664067452527617 -0.468006255958512 1.59917423198131 -0.787960260492136 -0.119894767215808 -0.4919208368941 -0.407637691493277 0.140994734014871 -0.302794499749459 0.381466894270231 0.134004833507248
-0.412081028920587 -0.487240187226824 2.11552109183098 -0.272329067679209 0.227006112781630 -1.03392664286442 -1.34186780209621 -0.590128480691916 0.0399696029606836 -0.730082772698234 -0.86702448858815 -1.30675758138866 0.297682503371416 0.355726125434522 0.240431587959959
-0.411771782155334 -0.487240187226824 2.11552109183098 -0.272329067679209 0.227006112781630 -0.32853616847366 -0.107999126900597 -0.399412951963647 0.551535587525457 -0.75871919289562 -0.86702448858815 -1.30675758138866 0.297682503371416 0.229979731292421 0.226428067637234
-0.409290832542367 -0.487240187226824 2.11552109183098 -0.272329067679209 0.227006112781630 -0.47369701774131 -1.38562510378628 -0.460612711182419 0.864159244759485 -0.811195551632124 -0.86702448858815 -1.30675758138866 0.297682503371416 0.234580209126888 0.738956911448974
-0.408651412539024 -0.487240187226824 2.11552109183098 -0.272329067679209 0.227006112781630 0.134349868376221 0.422501461873116 -0.577319228762406 0.967182949984335 -0.849472425063457 -0.86702448858815 -1.30675758138866 0.297682503371416 0.248710248189894 0.689944590319436
-0.400451722932529 -0.487240187226824 2.11552109183098 -0.272329067679209 0.227006112781630 -0.744605595507689 -0.424992817429115 -0.425031455822668 0.704294874582994 -0.85583607399621 -0.86702448858815 -1.30675758138866 0.297682503371416 0.310488093395595 0.302047077379950
-0.375069073963491 -0.487240187226824 2.11552109183098 -0.272329067679209 0.227006112781630 -0.401363313055551 0.18138186048198 -0.955903785790164 0.96007786686538 -0.967769809328282 -0.86702448858815 -1.30675758138866 0.297682503371416 0.0286540584412172 2.04548535755923
-0.389973372950486 -0.487240187226824 1.56744433362442 -0.272329067679209 0.598087080295716 -1.04643520332114 -0.0949686181920806 -0.84204376863896 0.97428803310329 -0.953000445014207 -0.637331090040713 0.170661789658386 1.26768381610514 0.388148540648862 0.635330861060808
-0.3822677806193 -0.487240187226824 1.56744433362442 -0.272329067679209 0.598087080295716 -1.08375910823654 -0.893109592612241 0.208314889580915 1.07375919676866 -0.941507885001326 -0.637331090040713 0.170661789658386 1.26768381610514 0.440615894999094 0.383267495251755
-0.317649157663359 -0.487240187226824 1.56744433362442 -0.272329067679209 0.598087080295716 0.161620512192809 -1.00969479292291 -0.921745780644804 0.928104992830082 -0.862009763259328 -0.637331090040713 0.170661789658386 1.26768381610514 0.440615894999094 0.796371344772147
-0.380566923410410 -0.487240187226824 1.56744433362442 -0.272329067679209 0.598087080295716 -0.75662920806611 0.802279954371265 0.246742645369448 1.07731173832814 -0.796188737731007 -0.637331090040713 0.170661789658386 1.26768381610514 0.420242350303597 -0.0074307217522762
-0.281412644783043 -0.487240187226824 1.56744433362442 -0.272329067679209 0.598087080295716 0.691772741338154 -0.824267168716328 0.0588736170699572 1.03468123961441 -0.72376661368289 -0.637331090040713 0.170661789658386 1.26768381610514 0.440615894999094 -0.0550426908495417
-0.351503540385769 -0.487240187226824 1.56744433362442 -0.272329067679209 0.598087080295716 0.981337777518778 1.06027286247255 0.124343126931901 1.04178632273336 -0.696982300264439 -0.637331090040713 0.170661789658386 1.26768381610514 0.318593697199180 -0.214682822528608
-0.306613930987496 -0.487240187226824 1.56744433362442 -0.272329067679209 0.598087080295716 -0.470052843963283 0.923587883594653 -0.750955754917995 1.05954903053075 -0.68814917562644 -0.637331090040713 0.170661789658386 1.26768381610514 -1.02868909718048 0.652135085448078
-0.355255191932652 -0.487240187226824 1.56744433362442 -0.272329067679209 0.598087080295716 -0.422127413958993 -0.609704666986339 0.0716828689994683 1.05244394741180 -0.799892951288877 -0.637331090040713 0.170661789658386 1.26768381610514 0.416189548401805 0.60312276431854
-0.356796775431618 -0.487240187226824 1.56744433362442 -0.272329067679209 0.598087080295716 1.04262606280301 0.0230960665583850 -0.190195170448305 1.04178632273336 -1.00979838623489 -0.637331090040713 0.170661789658386 1.26768381610514 0.440615894999094 0.813175569159417
-0.386282175658465 -0.487240187226824 1.56744433362442 -0.272329067679209 0.598087080295716 0.340569627483521 -1.20937592631731 -0.157460415517333 0.889027035675828 -1.03677265932298 -0.637331090040713 0.170661789658386 1.26768381610514 0.344005860475284 1.61137622755475
-0.230758954700096 -0.487240187226824 1.56744433362442 -0.272329067679209 0.598087080295716 1.45349284362044 0.500826142610313 -1.80131441313787 1.11638969548239 -1.11869276685282 -0.637331090040713 0.170661789658386 1.26768381610514 0.440615894999094 3.04673706063408
-0.0969341609096897 -0.487240187226824 1.23072696355602 -0.272329067679209 2.72964519601616 -0.0734183230236928 -0.502443309286036 -1.96641143800712 1.03823378117389 -1.16309583962986 -0.522484390766995 -0.0310741887175156 -1.73470119949924 0.440615894999094 2.32975682011055
-0.143483937153004 -0.487240187226824 1.23072696355602 -0.272329067679209 2.72964519601616 -1.64991557467000 -0.815735452406696 -0.220083424950497 1.11638969548239 -1.12833322008676 -0.522484390766995 -0.0310741887175156 -1.73470119949924 -2.01286274819684 2.12110436730195
-0.169559484889300 -0.487240187226824 1.23072696355602 -0.272329067679209 2.72964519601616 2.19641537602596 -0.317051211898929 -0.934555032574313 1.11638969548239 -1.08203055061338 -0.522484390766995 -0.0310741887175156 -1.73470119949924 -2.05273355609555 0.559711851318092
-0.144730224868609 -0.487240187226824 1.23072696355602 -0.272329067679209 2.72964519601616 -1.29628091795096 0.761809399018226 -1.93367668307615 0.963630408424858 -1.10852992452738 -0.522484390766995 -0.0310741887175156 -1.73470119949924 0.383767133187465 2.36336526888509
-0.149105020273294 -0.487240187226824 1.23072696355602 -0.272329067679209 2.72964519601616 -0.94538077298551 0.629786560561398 -1.56363162733473 0.896132118794783 -1.07585686135026 -0.522484390766995 -0.0310741887175156 -1.73470119949924 0.00346096553818282 2.19392267298012
-0.246142237398686 -0.487240187226824 1.23072696355602 -0.272329067679209 2.72964519601616 -0.281427680241548 1.72266024007694 -1.25336308059769 1.11638969548239 -1.04641311255693 -0.522484390766995 -0.0310741887175156 -1.73470119949924 -0.165113686539077 0.0877932164422547
-0.255730049703346 -0.487240187226824 1.23072696355602 3.66477116791163 2.72964519601616 -1.67868597270757 -0.194860161256038 -0.221506675164887 0.97428803310329 -0.971474022886153 -0.522484390766995 -0.0310741887175156 -1.73470119949924 -0.390537100427966 0.345457990380397
-0.00912784346891104 -0.487240187226824 1.23072696355602 3.66477116791163 2.72964519601616 -0.46113300237237 0.324103882704926 -0.188771920233915 0.498247464133293 -0.973326129665088 -0.522484390766995 -0.0310741887175156 -1.73470119949924 -2.94281648187840 0.331454470057672
-0.135655111148446 -0.487240187226824 1.23072696355602 -0.272329067679209 2.72964519601616 0.409852230443133 0.201405218857126 -1.44123210889718 0.903237201913739 -0.977647712149271 -0.522484390766995 -0.0310741887175156 -1.73470119949924 -2.93602530031324 0.488293897672194
-0.277850494073515 -0.487240187226824 1.23072696355602 -0.272329067679209 0.434121071394143 1.45646639028468 0.305389375285601 0.937018999348633 1.02402361493598 -0.910734418520552 -0.522484390766995 -0.0310741887175156 -1.73470119949924 0.0740016256666787 -1.12911269960256
-0.263985543237407 -0.487240187226824 1.23072696355602 -0.272329067679209 0.434121071394143 -0.917666814763559 0.274300948796794 -0.311171438671462 1.11638969548239 -0.967722319410873 -0.522484390766995 -0.0310741887175156 -1.73470119949924 -0.0304949422876462 -0.871447925664417
-0.254431445805650 -0.487240187226824 1.23072696355602 -0.272329067679209 2.72964519601616 -1.56277262360830 -0.394128545465274 0.320751656517731 1.11638969548239 -0.963638186513734 -0.522484390766995 -0.0310741887175156 -1.73470119949924 0.0836407220817526 -0.737014130566256
-0.272051535934113 -0.487240187226824 1.23072696355602 3.66477116791163 0.434121071394143 -0.367480353080051 0.289629137195413 -0.0492933992236879 0.853501620081052 -0.948203963355938 -0.522484390766995 -0.0310741887175156 -1.73470119949924 -0.194469116530438 -1.00168066466576
-0.249974107091442 -0.487240187226824 1.23072696355602 -0.272329067679209 0.434121071394143 -1.84963632979838 0.826054100985986 1.71411361640561 0.789555872010456 -0.866283855826102 -0.522484390766995 -0.0310741887175156 -1.73470119949924 0.194490330855103 -1.52961338083250
-0.206910913739080 -0.487240187226824 1.23072696355602 3.66477116791163 0.434121071394143 -0.337917933487342 1.60941050581372 2.15959093350971 1.05244394741180 -0.833135893474898 -0.522484390766995 -0.0310741887175156 -1.73470119949924 0.360764744015129 -1.50300669221932
-0.243503176657619 -0.487240187226824 1.23072696355602 3.66477116791163 0.434121071394143 0.169477861995851 1.18724510272829 2.97511330635522 0.899684660354261 -0.775530623658265 -0.522484390766995 -0.0310741887175156 -1.73470119949924 0.348058662377077 -1.30695740770117
-0.186400645195510 -0.487240187226824 1.23072696355602 -0.272329067679209 0.434121071394143 0.0127002710513854 -1.34975853441983 2.34034371073725 0.981393116222246 -0.830666417769651 -0.522484390766995 -0.0310741887175156 -1.73470119949924 0.138298780162683 -1.25374403047481
-0.210804400268522 -0.487240187226824 1.23072696355602 -0.272329067679209 0.434121071394143 -0.986449503389044 0.892223337118624 -0.580165729191186 0.377461051111055 -0.650204731616967 -0.522484390766995 -0.0310741887175156 -1.73470119949924 -1.41370527785076 -0.0718469152368117
-0.152661358073701 -0.487240187226824 1.23072696355602 -0.272329067679209 0.434121071394143 -0.512733416950248 -0.665810507646498 0.0489108655692271 0.977840574662768 -0.804974372451598 -0.522484390766995 -0.0310741887175156 -1.73470119949924 -0.652654801806057 -0.217483526593153
-0.409431504943102 -0.487240187226824 -1.03300496595140 -0.272329067679209 -0.385708973113719 -1.77654871959164 -0.443034059926483 0.186966136365065 0.551535587525457 -0.54553695364841 -0.522484390766995 -0.665949179488735 -0.857080964168727 0.425280968884204 -0.505956045241291
-0.410281352256635 -0.487240187226824 -1.03300496595140 -0.272329067679209 -0.385708973113719 -0.618201921972638 0.5314484864439 -0.605784233050207 0.00444418736590767 -0.519132559569228 -0.522484390766995 -0.665949179488735 -0.857080964168727 0.400416481540775 -0.421934923304940
-0.412354235649288 -0.487240187226824 -1.03300496595140 -0.272329067679209 -0.385708973113719 1.6023364173944 -1.82763132178224 0.371988664235774 -1.26026060780812 -0.314735955042610 -0.522484390766995 -0.665949179488735 -0.857080964168727 0.375551994197345 -1.02548664921439
-0.411938031356203 -0.487240187226824 -1.03300496595140 -0.272329067679209 -0.385708973113719 -1.17517774421637 -0.0948191095040192 -0.376640948533405 -0.759352247921775 -0.114043564073862 -0.522484390766995 -0.665949179488735 -0.857080964168727 0.400416481540775 -0.356118377788132
-0.413794674529544 -0.487240187226824 -1.03300496595140 -0.272329067679209 -0.385708973113719 -0.336272775335782 1.06754280815041 0.0432178647116674 0.171413640661355 -0.226784628001881 -0.522484390766995 -0.665949179488735 -0.857080964168727 0.426376320749553 -0.891052854116232
-0.412379812449422 -0.487240187226824 -1.03300496595140 -0.272329067679209 -0.385708973113719 0.239338353408061 0.214750649118864 0.818889231554257 0.206939056256131 -0.417789075819274 -0.522484390766995 -0.665949179488735 -0.857080964168727 0.378947584979928 -0.802830676083064
-0.413381957981933 -0.487240187226824 -1.26477146742704 -0.272329067679209 -0.575564351841855 -1.85848273689711 -0.0599161621126374 0.989679257281066 -0.361467593260285 -0.458772874542896 -0.752177789314431 -1.27709052574514 -0.302794499749459 0.440615894999094 -1.06609685815030
-0.412442591867932 -0.487240187226824 -1.26477146742704 -0.272329067679209 -0.575564351841855 -0.589020834250896 0.0497231235197075 2.10693067557727 0.523115255049636 -0.500564001862465 -0.752177789314431 -1.27709052574514 -0.302794499749459 0.425938180003413 -0.713208146017623
-0.412093817320654 -0.487240187226824 -1.26477146742704 -0.272329067679209 -0.575564351841855 -0.334339690908682 0.00169104719368049 -0.200157921949036 -0.226471014000136 -0.568522073674173 -0.752177789314431 -1.27709052574514 -0.302794499749459 0.440615894999094 -0.448541611918118
-0.408466562028967 -0.487240187226824 -1.26477146742704 -0.272329067679209 -0.575564351841855 1.63904989641373 0.763741217832352 0.396183917880405 0.96007786686538 -0.450224689409348 -0.752177789314431 -1.27709052574514 -0.302794499749459 0.440615894999094 -0.976474328084856
-0.410442951130207 -0.487240187226824 -1.26477146742704 -0.272329067679209 -0.575564351841855 1.28781337013698 0.0163351437073905 -0.968713037719675 0.75403045641568 -0.383311395780630 -0.752177789314431 -1.27709052574514 -0.302794499749459 0.375990134943485 0.185817858701331
-0.410946349060111 1.4422309541914 -1.12192167406470 -0.272329067679209 -1.01568363889344 -0.602211933884246 -1.5756617157866 0.707875714831831 -0.976057283049908 -0.00305962708996105 -0.522484390766995 -0.0607412443610305 -1.50374850599121 0.40742673347901 -0.836439124857604
-0.410370871057103 1.4422309541914 -1.12192167406470 -0.272329067679209 -1.01568363889344 -0.606944975818759 -0.531099800068017 1.28144555123103 -1.05421319735842 0.366459420266363 -0.522484390766995 -0.0607412443610305 -1.50374850599121 0.440615894999094 -1.01708453702076
-0.409559388943770 1.4422309541914 -1.12192167406470 -0.272329067679209 -1.01568363889344 0.188623199069589 1.72190946234182 0.948405001063753 -1.67235542870752 1.27498903021031 -0.522484390766995 -0.0607412443610305 -1.50374850599121 0.230089266478956 -1.05769474595666
-0.410029072000771 1.4422309541914 -1.12192167406470 -0.272329067679209 -1.01568363889344 -1.64790396732387 0.459689058215513 1.2714827997303 -1.50183343385259 1.27498903021031 -0.522484390766995 -0.0607412443610305 -1.50374850599121 0.370403840430203 -1.36997324915343
-0.418428725681039 2.08538800133081 -1.19626187265122 -0.272329067679209 -1.32635607681221 -0.0117369568467217 -2.11446226274663 0.454537176670398 -1.76827405081341 1.15142026511313 -0.981871187861868 -0.849884924478527 -1.31898635118479 0.219354818198533 -1.15852009228028
-0.418496155426846 2.94293073085002 -1.55630165796245 -0.272329067679209 -1.14513048802626 -1.31181227141565 -1.20188929945430 2.26348819916018 -1.29933856496237 0.8801578568752 -0.637331090040713 -0.909219035765557 -1.87327281560405 0.411370000194268 -1.35596972883071
-0.415438565229046 2.94293073085002 -1.40179065697869 -0.272329067679209 -1.30046670698565 0.241693385396752 -2.04937248954648 1.42661707309882 -1.22473519221334 1.66877542536243 -0.86702448858815 -0.470146612241536 -2.70470251223296 0.440615894999094 -1.20053065324846
-0.414677074134157 2.94293073085002 -1.40179065697869 -0.272329067679209 -1.30046670698565 1.92375348275108 0.165770475313584 1.17043203450861 -1.1359216532264 1.66877542536243 -0.86702448858815 -0.470146612241536 -2.70470251223296 -0.0258944644531789 -0.566171182629009
-0.415721072612341 2.94293073085002 -1.40179065697869 -0.272329067679209 -1.30046670698565 1.00911942646251 -0.723683188821492 1.40811482031175 -1.07552844671528 1.66877542536243 -0.86702448858815 -0.470146612241536 -2.70470251223296 0.389134357327676 -0.84484123705124
-0.417570740294736 3.05012357203992 -1.32745045839216 -0.272329067679209 -1.20553901762158 -0.283560651711501 0.544406979989358 1.88632689234681 -1.87840283915722 1.17535518348706 -0.86702448858815 -0.357411800796180 -1.73470119949924 0.423966546645785 -1.33636480037889
-0.416021018723 3.58608777798943 -1.23270314646815 -0.272329067679209 -1.19604624868517 1.53409187074991 -1.10672711765781 2.2321766944436 -1.25670806624864 0.62827133493998 -0.637331090040713 -1.09315478075535 -1.73470119949924 0.395487398146702 -1.23834015811982
-0.417766054041212 3.58608777798943 -1.23270314646815 -0.272329067679209 -1.19604624868517 -1.17290991882253 -0.423109668727525 2.48978498324820 -1.30289110652185 0.62827133493998 -0.637331090040713 -1.09315478075535 -1.73470119949924 0.371061051549413 -1.36857289712116
-0.404241739679612 -0.487240187226824 -0.0797012429006231 -0.272329067679209 -0.566934561899667 -0.438901238463091 0.16467398672562 -0.560240226189724 -1.64393509623170 0.0714045634067251 -0.637331090040713 -0.778683990934091 0.0667298098633873 0.440615894999094 -0.249691623335421
-0.393398339004752 -0.487240187226824 -0.0797012429006231 -0.272329067679209 -0.566934561899667 -0.715167039768307 -1.06848461178097 0.0588736170699572 -0.571067545269462 0.265875775194946 -0.637331090040713 -0.778683990934091 0.0667298098633873 0.418380252132503 -0.235688103012696
-0.390805781536655 -0.487240187226824 -0.0797012429006231 -0.272329067679209 -0.566934561899667 -1.88050851132819 1.53011129507561 -0.713951249343852 0.146545849745011 0.265875775194946 -0.637331090040713 -0.778683990934091 0.0667298098633873 0.358793110657500 0.757161487868516
-0.369446828261376 -0.487240187226824 -0.0797012429006231 3.66477116791163 -0.566934561899667 0.355415280041544 -1.68547743467451 -1.33875809346109 1.11638969548239 0.0379716615510701 -0.637331090040713 -0.778683990934091 0.0667298098633873 0.440615894999094 1.46153856010159
-0.376414181134158 -0.487240187226824 -0.0797012429006231 3.66477116791163 -0.566934561899667 -0.488153514633863 -0.0358636748646633 -1.25336308059769 0.711399957701948 -0.061757165006992 -0.637331090040713 -0.778683990934091 0.0667298098633873 0.422433054034296 1.58616989097384
-0.394851566285075 -0.487240187226824 -0.0797012429006231 3.66477116791163 -0.566934561899667 -0.577687492845266 0.198239644760977 -0.67979324419849 -0.524884504996254 -0.0676459147656585 -0.637331090040713 -0.778683990934091 0.0667298098633873 0.375332923824275 0.472890025317196
-0.403765081131666 -0.487240187226824 -0.0797012429006231 -0.272329067679209 -0.566934561899667 -1.45306858203556 0.0622674313897233 0.128612877575071 -1.28868094028394 0.0714045634067251 -0.637331090040713 -0.778683990934091 0.0667298098633873 0.319141373131855 -0.458344076144026
-0.38643912420474 -0.487240187226824 -0.0797012429006231 -0.272329067679209 -0.566934561899667 -0.117801817442598 1.04433957007399 -1.24197707888257 -2.08800279116639 -0.0985618509986578 -0.637331090040713 -0.778683990934091 0.0667298098633873 -0.084824394808972 2.36616597294964
-0.414800307807528 -0.487240187226824 0.401323571482795 3.66477116791163 -0.0405173754261976 -0.377656671426227 1.25606936154856 -0.564509976832895 -0.446728590687747 -0.324328918359147 -0.522484390766995 -0.784617402062794 -0.94946204157194 0.395706468519772 0.120001313184523
-0.411948494592622 -0.487240187226824 0.401323571482795 -0.272329067679209 -0.0405173754261976 0.169163869178758 0.426535440882496 0.508620684817221 0.587061003120233 -0.17758507356657 -0.522484390766995 -0.784617402062794 -0.94946204157194 0.395487398146702 -0.414933163143578
-0.406819183583993 -0.487240187226824 0.401323571482795 3.66477116791163 -0.0405173754261976 1.12789269588640 3.0583169054681 0.125766377146291 0.846396536962097 -0.205034245828741 -0.522484390766995 -0.784617402062794 -0.94946204157194 0.406002776054056 -0.301504648529504
-0.378470788381271 -0.487240187226824 -0.719610011125837 3.66477116791163 -0.411598342940283 0.000546448336182151 0.320579581872854 0.948405001063753 0.707847416142471 -0.443243671550284 -0.17794429294584 -0.600681657073002 -0.487556654555883 0.383657598000930 -0.412132459079033
-0.3727020573693 -0.487240187226824 -0.719610011125837 3.66477116791163 -0.411598342940283 -0.953371578975664 0.568106338998887 -0.171692917661235 0.807318579807843 -0.35476995541806 -0.17794429294584 -0.600681657073002 -0.487556654555883 0.422433054034296 1.23328117884117
-0.358841756860489 -0.487240187226824 -0.719610011125837 -0.272329067679209 -0.437487712766847 0.650794982826893 0.830950879981027 3.47325088139174 0.512457630371203 -0.427714468557671 -0.17794429294584 -0.600681657073002 -0.487556654555883 0.277408467062046 -1.12351129147347
-0.375674779093929 -0.487240187226824 -0.719610011125837 -0.272329067679209 -0.437487712766847 1.54897374778774 0.854106185042136 2.49832448453454 0.636796584952919 -0.275129363923836 -0.17794429294584 -0.600681657073002 -0.487556654555883 0.336338397417839 -1.33356409631435
-0.372159131657371 -0.487240187226824 -0.719610011125837 -0.272329067679209 -0.437487712766847 -0.514983540268134 0.307993134811403 1.25013404651445 0.402328842027398 -0.275129363923836 -0.17794429294584 -0.600681657073002 -0.487556654555883 0.168749562019394 -0.881250389890325
-0.385434653508580 -0.487240187226824 -0.719610011125837 -0.272329067679209 -0.437487712766847 0.926878032516396 -0.108196701107212 1.99449390864046 -1.83221979888401 -0.199430435574526 -0.17794429294584 -0.600681657073002 -0.487556654555883 0.228227168307862 -1.22293628576482
-0.368741141094051 -0.487240187226824 -0.719610011125837 -0.272329067679209 -0.437487712766847 -1.0160993014288 -0.155179571933778 0.380528165522114 -1.67590797026699 -0.199430435574526 -0.17794429294584 -0.600681657073002 -0.487556654555883 0.259225626097247 -1.24534191828118
-0.357671036963461 -0.487240187226824 -0.719610011125837 -0.272329067679209 -0.437487712766847 -1.19180802905773 -0.549854074031365 -0.432147706894618 -0.0168710619909582 -0.0586703203754329 -0.17794429294584 -0.600681657073002 -0.487556654555883 0.237428123976797 -0.140464164818165
-0.381565581197448 -0.487240187226824 -0.719610011125837 -0.272329067679209 -0.411598342940283 -0.625412584287833 -1.09926652039825 2.79293727891329 0.0648373938770268 -0.0679783441875187 -0.17794429294584 -0.600681657073002 -0.487556654555883 0.244000235168892 -1.218735229668
-0.381684164543522 -0.487240187226824 -0.719610011125837 -0.272329067679209 -0.411598342940283 1.01755092944923 -0.671741907055838 -0.282706434383660 -0.251338804916479 -0.0679783441875187 -0.17794429294584 -0.600681657073002 -0.487556654555883 0.219902494131207 -0.248291271303148
-0.359579996318894 -0.487240187226824 -0.719610011125837 3.66477116791163 -0.411598342940283 0.150192366566012 -0.290210644758857 0.492964932458930 0.28154242900516 0.167619136076551 -0.17794429294584 -0.600681657073002 -0.487556654555883 0.348058662377077 -0.435938443627666
-0.36059725541512 -0.487240187226824 -0.719610011125837 -0.272329067679209 -0.411598342940283 0.846988944673269 0.601923626884746 1.52766783832051 0.107467892590758 0.167619136076551 -0.17794429294584 -0.600681657073002 -0.487556654555883 0.365803362595736 -1.10950777115074
-0.410517356366959 0.799073907051992 -0.90473168211582 -0.272329067679209 -1.09335174837314 -0.0112351343640701 0.506591945383617 0.279477400300419 -1.77893167549184 1.13731575964277 -0.407637691493277 -0.642215534973923 -0.857080964168727 0.249038853749499 -0.881250389890325
-0.409345473888107 0.799073907051992 -0.90473168211582 -0.272329067679209 -1.09335174837314 0.347497655752160 -1.02778798128893 0.457383677099178 -0.936979325895654 1.13731575964277 -0.407637691493277 -0.642215534973923 -0.857080964168727 0.296905730265264 -0.739814834630801
-0.407764362607115 0.799073907051992 -0.90473168211582 -0.272329067679209 -1.09335174837314 0.222458491705042 -0.989208459199153 -0.269897182454150 -0.123447308775286 1.20674601889415 -0.407637691493277 -0.642215534973923 -0.857080964168727 0.41564187246913 -0.0354377623977264
-0.408138713954526 0.799073907051992 -0.90473168211582 -0.272329067679209 -1.09335174837314 0.669988276348723 0.359127259193238 0.104417623930440 -0.556857379031552 1.53889050124990 -0.407637691493277 -0.642215534973923 -0.857080964168727 0.176088419517235 -0.200679302205883
-0.405270624594080 0.799073907051992 -0.90473168211582 -0.272329067679209 -1.09335174837314 -1.67352632953600 -0.118385599460575 0.154231381434092 -2.15905362235595 1.53889050124990 -0.407637691493277 -0.642215534973923 -0.857080964168727 0.197557316078081 -1.04509157766621
-0.396143194691826 0.456056815244307 -0.769170143516856 -0.272329067679209 -1.06746237854657 -0.351140354884268 1.04739961881349 -0.984368790077966 0.28154242900516 1.97551280190458 -0.292790992219558 -0.464213201112833 0.297682503371416 0.173240504667327 -0.0214342420750013
-0.397858002882608 0.456056815244307 -0.769170143516856 -0.272329067679209 -1.06746237854657 0.354269029321944 -2.13168206688737 -0.967289787505285 0.0577323107580716 1.97551280190458 -0.292790992219558 -0.464213201112833 0.297682503371416 0.355507055061452 0.813175569159417
-0.380593662792368 0.456056815244307 -0.769170143516856 -0.272329067679209 -1.06746237854657 -1.30337118914088 0.90703130342007 -0.251394929667079 -1.19631485973752 2.02328765881764 -0.292790992219558 -0.464213201112833 0.297682503371416 0.36700824964762 -0.489151820854021
-0.397248810006696 0.456056815244307 -0.769170143516856 -0.272329067679209 -1.06746237854657 0.308582980649179 1.27611192263311 -0.0834514043690497 0.377461051111055 2.02328765881764 -0.292790992219558 -0.464213201112833 0.297682503371416 0.213220847752576 -0.350516969659042
-0.40098999831716 0.456056815244307 -0.769170143516856 -0.272329067679209 -1.06746237854657 -0.350880826946263 -0.245115500620667 0.211161390009695 -0.6918539582917 1.91453574795194 -0.292790992219558 -0.464213201112833 0.297682503371416 0.197557316078081 -0.43873914769221
-0.397927757792063 0.456056815244307 -0.769170143516856 -0.272329067679209 -1.06746237854657 -1.73201441549954 -0.955837708589188 0.616787701110866 -1.81445709108662 1.91453574795194 -0.292790992219558 -0.464213201112833 0.297682503371416 0.406002776054056 -0.853243349244875
-0.403790657931799 0.456056815244307 -0.769170143516856 -0.272329067679209 -1.06746237854657 0.402265019038086 -0.311852929863994 0.28801690158676 -1.97432146126311 1.71042408292977 -0.292790992219558 -0.464213201112833 0.297682503371416 0.433824713433928 -0.94566658337486
-0.395211966650595 0.456056815244307 -0.769170143516856 -0.272329067679209 -1.06746237854657 0.316734398335627 1.67496605726956 0.218277641081646 -2.11997566520169 1.71042408292977 -0.292790992219558 -0.464213201112833 0.297682503371416 0.223407620100325 -1.26914790282981
-0.410544095748917 0.456056815244307 -0.769170143516856 -0.272329067679209 -1.06746237854657 0.266791607278571 0.352017887347911 0.956944502350094 -2.19457903795072 2.42752183579965 -0.292790992219558 -0.464213201112833 0.297682503371416 0.322208358354833 -1.27755001502345
-0.377209387101951 0.456056815244307 -0.769170143516856 -0.272329067679209 -1.06746237854657 -1.03881935142066 -0.540694191561987 2.81001628148597 -2.13773837299908 2.42752183579965 -0.292790992219558 -0.464213201112833 0.297682503371416 0.440615894999094 -1.27614966299117
-0.414499199115045 2.94293073085002 -1.09276865501116 -0.272329067679209 -1.40402418629191 1.01786493573978 0.0668843770959137 -0.251394929667079 -1.29933856496237 2.57645021679302 -0.981871187861868 -0.553214368043378 -0.94946204157194 0.396692285198587 -0.851842997212602
-0.418313630080438 3.37170209560962 -1.07673449453171 -0.272329067679209 -1.38676460640753 -1.63003574047506 1.13426718152462 1.66429985890196 -1.22118265065386 1.20674601889415 -0.752177789314431 -0.97448655818129 -1.18041473507997 0.324946738018206 -1.33636480037889
-0.349005152045437 0.370302542292386 -1.04466617357281 -0.272329067679209 0.79657224896604 0.623507368654962 0.316338947071374 3.44336262688955 0.65100675119083 -0.946969225503315 -0.522484390766995 -0.85581833560723 -2.51994035742653 0.361750560693943 -1.05489404189212
-0.342963214304765 0.370302542292386 -1.04466617357281 -0.272329067679209 0.79657224896604 0.816499548092864 -0.677457323029646 1.49208658296076 1.11638969548239 -0.902518662808864 -0.522484390766995 -0.85581833560723 -2.51994035742653 0.291538506125053 -0.681000049275355
-0.343760745436207 0.370302542292386 -1.04466617357281 -0.272329067679209 0.79657224896604 -0.960014455782039 -0.464410631854139 0.793270727695235 1.11638969548239 -0.847382868697478 -0.522484390766995 -0.85581833560723 -2.51994035742653 0.386176907291233 -0.805631380147609
-0.357309474016117 0.370302542292386 -1.04466617357281 -0.272329067679209 0.79657224896604 0.604522828129005 0.145111826165822 1.30706405509005 0.469827131657472 -0.799228092445157 -0.522484390766995 -0.85581833560723 -2.51994035742653 0.395706468519772 -0.428936683466303
-0.359631149919161 0.370302542292386 -1.04466617357281 -0.272329067679209 0.79657224896604 -0.500355577091866 0.752106874864294 3.00784806128619 0.814423662926799 -0.715455878136385 -0.522484390766995 -0.85581833560723 -2.51994035742653 0.330642567718023 -0.944266231342588
-0.324158453297383 0.370302542292386 -1.04466617357281 -0.272329067679209 0.79657224896604 1.33465356795675 -2.05741792896299 1.48354708167442 0.920999909711127 -0.815042234942221 -0.522484390766995 -0.85581833560723 -2.51994035742653 0.402497650084938 -0.196478246109066
-0.331557124026964 0.370302542292386 -1.04466617357281 -0.272329067679209 0.79657224896604 -0.50577648708546 -0.032977069873918 -1.03133604715284 -0.205155764643271 -0.85887542871036 -0.522484390766995 -0.85581833560723 -2.51994035742653 0.391325061058375 -0.308506408690867
-0.35726413332497 0.370302542292386 -1.04466617357281 -0.272329067679209 0.175227373128502 0.000537523090642667 0.121027601204522 1.6870718623322 -0.567515003709985 -0.438352210057198 -0.522484390766995 -0.85581833560723 -2.51994035742653 0.36832267188604 -1.32936304021753
-0.401255066973091 0.370302542292386 -0.608828538722383 -0.272329067679209 -0.782679310454368 0.00658448804152053 0.586520684085953 -0.0635259013675883 -1.85708758980035 0.30106580399472 -0.752177789314431 -1.09908819188405 0.0667298098633873 0.440615894999094 -0.849042293148057
-0.406778493220144 0.370302542292386 -0.608828538722383 -0.272329067679209 -0.782679310454368 -0.314250782380637 3.04824889673940 0.360602662520654 -0.350809968581852 0.0581548764497255 -0.752177789314431 -1.09908819188405 0.0667298098633873 0.419366068811317 -0.68940216146899
-0.394306315409498 0.370302542292386 -0.608828538722383 3.66477116791163 -0.782679310454368 -0.427104809337004 0.103732951076956 2.00161015971241 -0.595935336185806 0.271384605614344 -0.752177789314431 -1.09908819188405 0.0667298098633873 0.373470825653181 -0.85044264518033
-0.407930611807984 1.22784527181160 -0.68899934111962 3.66477116791163 -0.929385739471564 2.22237305043065 -1.28818682192694 1.39815206881102 -0.695406499851178 0.471174688152329 -0.637331090040713 -0.91515244689426 -0.39517557715267 0.356821477299872 -0.924661302890773
-0.410826603132212 1.22784527181160 -0.68899934111962 -0.272329067679209 -0.929385739471564 -0.92448879161401 -0.608421595555437 0.280900650514809 -1.29578602340289 0.163962412436089 -0.637331090040713 -0.91515244689426 -0.39517557715267 0.440615894999094 -0.765021171211706
-0.395643284507395 0.370302542292386 -1.13795583454414 -0.272329067679209 -0.964767878234535 0.106363415272713 -0.116059236743555 0.750573221263534 -1.29223348184341 0.145156405142282 -0.522484390766995 -1.14062206978497 -1.64232012209603 0.440615894999094 -1.09270354676347
-0.41594196315895 0.370302542292386 -1.13795583454414 -0.272329067679209 -0.964767878234535 0.708866220511263 0.76803611165523 2.18520943736873 -0.144762558132151 0.427246514549373 -0.522484390766995 -1.14062206978497 -1.64232012209603 0.335571651112095 -1.24534191828118
-0.412976216925266 0.370302542292386 -1.13795583454414 3.66477116791163 -0.964767878234535 -1.06820287013350 -0.963299826587095 1.93614064985046 -0.670538708934835 0.672864367386657 -0.522484390766995 -1.14062206978497 -1.64232012209603 0.223407620100325 -1.35036832070162
-0.419048381793369 3.37170209560962 -1.19043126884052 -0.272329067679209 -1.3349858667544 1.64978847742855 1.10649123362046 1.14339028043519 -1.69722321962386 1.66796809676648 -0.981871187861868 -0.731216701904468 -1.45755796728960 0.416737224334479 -0.67259793708172
-0.41882749124676 1.87100231895101 -1.29538213743326 -0.272329067679209 -1.42991355611847 1.86359868916614 0.68371345564197 0.239626394297497 -1.30289110652185 1.66796809676648 -0.981871187861868 -0.642215534973923 -1.45755796728960 0.416737224334479 -0.619384559855365
-0.417817207641479 2.94293073085002 -1.36680703411444 -0.272329067679209 -1.46443271588722 0.277349875759035 2.17500737867345 -0.0777584035114888 -1.31710127275976 2.51419093507034 -0.981871187861868 -0.992286791567399 -0.118032344943037 -0.165113686539077 0.0387808953127168
-0.415601326684442 1.76380947776110 -0.847883294961415 -0.272329067679209 -1.29183691704346 -1.7147246010498 -0.770028314423958 -0.107646658013681 -1.32420635587871 1.67266959858993 -0.407637691493277 -0.683749412874844 -0.857080964168727 0.440615894999094 -0.772022931373069
-0.4147654303528 1.76380947776110 -0.847883294961415 -0.272329067679209 -1.29183691704346 0.995438502636075 0.527484964987796 0.0432178647116674 -0.816192912873416 1.67266959858993 -0.407637691493277 -0.683749412874844 -0.857080964168727 0.440615894999094 -0.707606737888533
-0.415106066827308 1.76380947776110 -0.847883294961415 -0.272329067679209 -1.29183691704346 1.22196268055489 -0.924950725027117 0.399030418309186 -1.62261984687483 1.67266959858993 -0.407637691493277 -0.683749412874844 -0.857080964168727 0.164806295304137 -0.440139499724483
-0.416030319377594 2.94293073085002 -0.901816380210465 -0.272329067679209 -1.24005817739033 2.04281891134658 0.486517912704068 0.820312481768647 -1.44499276890095 0.627653966013669 -0.637331090040713 -0.968553147052587 0.343873042073021 0.440615894999094 -1.30555705566890
-0.410933560660044 2.94293073085002 -0.901816380210465 -0.272329067679209 -1.24005817739033 0.559149522166837 -0.409305588127069 1.22878529329860 -1.45209785201991 0.627653966013669 -0.637331090040713 -0.968553147052587 0.343873042073021 0.440615894999094 -1.27334895892663
-0.41049294214865 -0.487240187226824 0.405696524340826 -0.272329067679209 -1.01568363889344 0.0564050921440824 -0.105590360910099 -0.224353175593667 -1.78248421705132 0.810965047210869 -0.637331090040713 -0.707483057389656 -1.13422419637836 0.440615894999094 -0.570372238725827
-0.405067172774835 -0.487240187226824 0.405696524340826 -0.272329067679209 -1.01568363889344 0.582412419270916 0.672345703849227 0.559857692535264 -1.33131143899767 1.02832639919004 -0.637331090040713 -0.707483057389656 -1.13422419637836 0.440615894999094 -0.893853558180777
-0.41385629136623 -0.487240187226824 0.405696524340826 -0.272329067679209 -1.01568363889344 -0.0940363044620188 0.822698981353841 0.376258414878945 -0.624355668661626 1.02832639919004 -0.637331090040713 -0.707483057389656 -1.13422419637836 0.396254144452447 -0.737014130566256
-0.403705789458628 -0.487240187226824 0.405696524340826 -0.272329067679209 -1.01568363889344 -2.12075103159339 -0.0789184428299513 -0.703988497843122 -0.375677759498195 1.19910014219136 -0.637331090040713 -0.707483057389656 -1.13422419637836 0.440615894999094 0.446283336704018
-0.412584426850491 2.51415936609041 -1.29683978838594 -0.272329067679209 -1.3349858667544 0.665340815235496 -0.930205065074163 0.0859153711433687 -1.72209101054020 1.91515311687825 -0.522484390766995 -0.29807768950915 -1.68851066079763 0.126688050389981 -1.07589932237620
-0.413636563401445 2.51415936609041 -1.29683978838594 -0.272329067679209 -1.3349858667544 0.588272866364035 0.499679483846931 1.07649752035886 -2.08089770804744 1.91515311687825 -0.522484390766995 -0.29807768950915 -1.68851066079763 0.163272802692648 -1.10810741911847
-0.413690042165361 0.927705316479873 -1.30558569410200 -0.272329067679209 -0.713640990916864 -1.22797568976228 -1.26557284526115 1.35403131216492 -0.976057283049908 0.107781840141714 -0.292790992219558 -1.10502160301276 -0.0256512675398255 0.405345564934846 -0.801430324050792
-0.411378829498735 0.927705316479873 -1.30558569410200 -0.272329067679209 -0.713640990916864 -0.509947009197798 -1.27000730688403 1.61590935161270 0.118125517269191 -0.330455117704856 -0.292790992219558 -1.10502160301276 -0.0256512675398255 0.440615894999094 -0.865846517535327
-0.414367827368904 0.927705316479873 -1.30558569410200 -0.272329067679209 -0.713640990916864 0.305261145946926 -0.0910505221076869 0.803233479195966 0.061284852317549 -0.290801036668675 -0.292790992219558 -1.10502160301276 -0.0256512675398255 0.440615894999094 -0.71740920211444
-0.362788722153847 -0.487240187226824 -0.180279158635338 -0.272329067679209 -0.0922961150793258 0.92371669448251 -0.410025540773008 0.49865793331649 0.494694922573815 -0.226784628001881 -0.637331090040713 -0.618481890459111 -0.0256512675398255 0.440615894999094 -1.13611445976392
-0.328210050954924 -0.487240187226824 -0.180279158635338 -0.272329067679209 -0.0922961150793258 1.31680733675248 -0.0348025722596487 -0.231469426665617 -0.56040992059103 -0.548386348692927 -0.637331090040713 -0.618481890459111 -0.0256512675398255 0.440615894999094 -0.93446376711668
-0.37717915997452 -0.487240187226824 -0.180279158635338 -0.272329067679209 -0.0922961150793258 1.72166076564871 -0.113868587246960 0.401876918737966 0.66521691742874 -0.0915333432221848 -0.637331090040713 -0.618481890459111 -0.0256512675398255 0.427362137428367 -0.472347596466751
-0.390623256190246 -0.487240187226824 -0.180279158635338 -0.272329067679209 -0.0922961150793258 1.59892017770559 1.00684619971882 -0.824964766066278 0.324172927718891 0.0712146037370908 -0.637331090040713 -0.618481890459111 -0.0256512675398255 0.435358206045418 -0.161469445302253
-0.383100189205469 -0.487240187226824 -0.180279158635338 -0.272329067679209 -0.0922961150793258 0.241127636400726 -0.248928774172781 -0.527505471258753 0.519562713490159 0.096669199468101 -0.637331090040713 -0.618481890459111 -0.0256512675398255 0.372704079347437 0.794970992739874
-0.391592849431678 -0.487240187226824 -0.180279158635338 -0.272329067679209 -0.0922961150793258 -0.372370391135882 1.56456934412698 -0.715374499558242 0.111020434150235 0.112388362130348 -0.637331090040713 -0.618481890459111 -0.0256512675398255 0.440615894999094 0.460286857026743
-0.364824402928124 -0.487240187226824 -0.180279158635338 -0.272329067679209 -0.0922961150793258 0.257890188724801 -0.732866552846632 -0.244278678595127 -0.347257427022374 0.0982363667425848 -0.637331090040713 -0.618481890459111 -0.0256512675398255 0.433277037501254 0.0107738546672666
-0.400616809551573 -0.487240187226824 -0.547607198709948 -0.272329067679209 -0.532415402130915 -0.325119392017719 0.143800658636018 0.201198638508965 -0.578172628388418 0.353969571987901 -0.522484390766995 -0.719349879647062 0.528635196879445 0.440615894999094 -0.763620819179434
-0.398990357579436 -0.487240187226824 -0.547607198709948 -0.272329067679209 -0.532415402130915 -0.699816710286597 -0.136747671039011 0.130036127789462 -0.507121797198866 0.353969571987901 -0.522484390766995 -0.719349879647062 0.528635196879445 0.440615894999094 -0.809832436244427
-0.379278782749131 -0.487240187226824 -0.547607198709948 -0.272329067679209 -0.532415402130915 0.108398782658082 0.675271651358718 -0.346752694031213 -0.66343362581588 0.439783852745243 -0.522484390766995 -0.719349879647062 0.528635196879445 0.440615894999094 -0.693603217565808
-0.380447177482511 -0.487240187226824 -0.547607198709948 -0.272329067679209 -0.532415402130915 -0.409456614858708 -0.0788755035572926 0.185542886150674 -1.01158269864468 0.439783852745243 -0.522484390766995 -0.719349879647062 0.528635196879445 0.440615894999094 -0.914858838664865
-0.397796386045922 -0.487240187226824 -0.547607198709948 -0.272329067679209 -0.532415402130915 0.531779855050963 -1.16334230017739 0.208314889580915 -1.91392825475199 0.769743798900203 -0.522484390766995 -0.719349879647062 0.528635196879445 0.405345564934846 -1.06049545002121
-0.384820810305372 -0.487240187226824 -0.547607198709948 -0.272329067679209 -0.532415402130915 -1.02154767680352 -0.572746522661458 0.0389481140684971 -1.40946735330617 0.769743798900203 -0.522484390766995 -0.719349879647062 0.528635196879445 0.440615894999094 -0.910657782568048
-0.392079971216042 -0.487240187226824 -0.547607198709948 -0.272329067679209 -0.532415402130915 -0.715028130627895 1.57500623943969 -0.28697618502683 -0.88369120250349 0.769743798900203 -0.522484390766995 -0.719349879647062 0.528635196879445 0.440615894999094 0.0191759668609015
-0.412408876995028 -0.487240187226824 -1.15107469311824 -0.272329067679209 -0.81719847022312 -0.56896418208594 -1.00830808992662 -0.592974981120696 -1.51959614164998 0.674146595156689 -0.637331090040713 0.129127911757465 -0.718509348063912 0.282228015269583 -0.375723306239947
-0.414818909116716 -0.487240187226824 -1.15107469311824 -0.272329067679209 -0.81719847022312 -1.78605218783813 -0.157367436857973 -0.200157921949036 -1.29223348184341 0.98710515087937 -0.637331090040713 0.129127911757465 -0.718509348063912 0.130302711545633 -0.498954285079929
-0.414262032422896 1.01345958943179 -0.740017124463316 -0.272329067679209 -1.00791682794548 -0.587278450388141 -0.138943880266705 -0.823541515851887 -1.42723006110356 1.35140030732075 -0.981871187861868 -0.618481890459111 -0.718509348063912 0.409069761277034 -0.0312367063009089
-0.414192277513441 -0.487240187226824 -0.866832757346217 -0.272329067679209 -0.342560023402779 1.37626685296354 -0.97031316158045 0.0446411149260567 -1.08263352983424 1.26482618788487 -0.522484390766995 -1.09315478075535 0.805778429089078 0.361860095880478 -0.976474328084856
-0.415496694320259 -0.487240187226824 -0.866832757346217 -0.272329067679209 -0.342560023402779 1.13465516014376 0.952070376430242 -0.352445694888774 -1.21052502597543 1.04015138862478 -0.522484390766995 -1.09315478075535 0.805778429089078 0.440615894999094 -0.65019230456536
-0.416566269598577 -0.487240187226824 -0.866832757346217 -0.272329067679209 -0.342560023402779 -0.819570531457844 0.0697048741451473 -0.554547225332165 -0.318837094546553 0.864296224460728 -0.522484390766995 -1.09315478075535 0.805778429089078 0.417723041013294 -0.293102536335869
-0.416258185415148 -0.487240187226824 -0.866832757346217 -0.272329067679209 -0.342560023402779 0.492532385571407 1.53153526336225 -0.321134190172192 -1.11105386231006 0.483047167504479 -0.522484390766995 -1.09315478075535 0.805778429089078 0.432291220822439 -0.580174702951734
-0.412950640125133 -0.487240187226824 -0.866832757346217 -0.272329067679209 -0.342560023402779 -0.450433948510065 1.14666040419336 -0.450649959681689 -0.357915051700807 0.483047167504479 -0.522484390766995 -1.09315478075535 0.805778429089078 0.440615894999094 -0.470947244434478
-0.418589161972787 1.01345958943179 -1.40179065697869 -0.272329067679209 -0.972534689182504 0.0264408678893104 -1.58324417464908 1.36114756323687 -0.684748875172746 1.54003025926771 -0.981871187861868 -0.737150113033170 -1.36517688988639 0.416956294707549 -1.00308101669803
-0.417197551529149 -0.487240187226824 -1.34785757172964 -0.272329067679209 -0.316670653576215 -0.619011810889264 0.479160836999876 0.363449162949433 -0.315284552987076 1.17388299604740 -0.981871187861868 0.081660622727841 -1.18041473507997 0.364598475543852 -0.560569774499919
-0.416556968943983 1.87100231895101 -1.07236154167368 -0.272329067679209 -0.610083511610608 -0.736899498465343 -2.16397993131016 0.838814734555718 -1.43788768578200 1.26815048210347 -0.522484390766995 -0.226876755964714 -0.39517557715267 0.342800973423401 -1.12631199553801
-0.41648256370723 -0.487240187226824 -0.983444833560379 -0.272329067679209 -0.972534689182504 0.152437881831002 -0.393899960480975 -0.385180449819745 -0.713169207648566 2.00338938342343 -0.752177789314431 -0.333678156281368 0.159110887266598 0.317279274960761 -0.297303592432687
-0.412937851725066 -0.487240187226824 -0.983444833560379 -0.272329067679209 -0.972534689182504 0.964874881061615 1.28658702149601 -0.550277474688994 -0.578172628388418 2.00338938342343 -0.752177789314431 -0.333678156281368 0.159110887266598 0.0869267776778007 0.00237174247363143
-0.417927652914784 3.15731641322982 -1.01842845642463 -0.272329067679209 -1.08472195843095 0.750016220486773 1.19330021760672 0.329291157804072 -1.45209785201991 2.25114428254410 -0.637331090040713 -0.339611567410071 -0.256603961047854 0.39165366661798 -0.881250389890325
-0.416731356217622 1.22784527181160 -1.44114723270096 -0.272329067679209 -1.08472195843095 0.956409264709608 0.301341970308474 0.931325998491073 -1.21052502597543 2.37309839044939 -0.981871187861868 -0.434546145469318 0.57482573558105 0.363393588491968 -0.947066935407133
-0.412880885215677 1.22784527181160 -1.44114723270096 -0.272329067679209 -1.08472195843095 0.0256601760900489 1.19459051990862 0.29228665222993 -0.858823411587147 2.37309839044939 -0.981871187861868 -0.434546145469318 0.57482573558105 0.440615894999094 -0.93446376711668
-0.410859155423291 2.08538800133081 -1.37701059078318 -0.272329067679209 -1.24005817739033 0.0827141084797416 1.90211609779582 0.418955921310646 -1.16078944414274 3.28404998618117 -0.637331090040713 0.0163931003121083 -0.0718418062414302 0.154509987769853 -1.00308101669803
-0.411679938191218 2.08538800133081 -1.37701059078318 -0.272329067679209 -1.24005817739033 -1.66894736055656 -0.662713352219427 -0.570202977690454 -1.77893167549184 3.28404998618117 -0.637331090040713 0.0163931003121083 -0.0718418062414302 0.39055831475263 -0.681000049275355
-0.415101416500011 2.94293073085002 -1.34494226982428 -0.272329067679209 -1.22279859750596 -0.284677167992235 -0.408955240975942 -0.88474127507066 -1.65814526246961 3.22487754909006 -0.637331090040713 -0.440479556598021 1.63720812571798 0.286171281984841 -0.64459089643627
0.624240921478048 -0.487240187226824 1.01499462255982 3.66477116791163 1.85803641185517 1.69824681148213 -0.157547927553010 -0.103376907370511 1.02402361493598 -0.794431610786888 1.65960289543365 1.52941293813137 0.805778429089078 0.230636942411631 0.692745294383981
0.184646644671214 -0.487240187226824 1.01499462255982 3.66477116791163 1.85803641185517 -0.355437361030357 0.481137987495658 -0.224353175593667 0.526667796609114 -0.509254656748239 1.65960289543365 1.52941293813137 0.805778429089078 0.424514222578459 -0.164270149366798
0.0753104744269904 -0.487240187226824 1.01499462255982 -0.272329067679209 1.85803641185517 0.00405319456208333 0.710359932422495 -0.245701928809518 0.452064423860084 -0.610693120333011 1.65960289543365 1.52941293813137 0.805778429089078 0.373142220093577 0.00237174247363143
0.107933682997511 -0.487240187226824 1.01499462255982 -0.272329067679209 1.85803641185517 -0.882799663022843 0.291525265768596 0.161347632506043 0.690084708345083 -0.606371537848828 1.65960289543365 1.52941293813137 0.805778429089078 0.195914288280057 -0.681000049275355
0.00752149083629623 -0.487240187226824 1.01499462255982 -0.272329067679209 1.85803641185517 1.09776228359973 -0.246281118413825 -1.31313958960207 0.981393116222246 -0.803264735424888 1.65960289543365 1.52941293813137 0.805778429089078 0.26415470949132 -0.344915561529952
0.070785705966976 -0.487240187226824 1.01499462255982 3.66477116791163 1.85803641185517 0.525114657859713 1.11476687595979 -0.685486245056051 0.725610123939859 -0.897722181150595 1.65960289543365 1.52941293813137 0.805778429089078 -0.039805433143115 0.278241092831317
0.109555484642351 -0.487240187226824 1.01499462255982 -0.272329067679209 1.40928733486139 -0.0784627367031201 1.05835254422684 -3.87641322571860 0.686532166785606 -1.03615529039667 1.65960289543365 1.52941293813137 0.805778429089078 -0.0216225921783167 -0.774823635437614
0.00969900659313258 -0.487240187226824 1.01499462255982 -0.272329067679209 1.40928733486139 -1.11322434044441 -0.542800723420428 -1.88101642514371 0.810871121367321 -0.970096815281303 1.65960289543365 1.52941293813137 0.805778429089078 -0.445195158508897 0.188618562765876
1.15196471347280 -0.487240187226824 1.01499462255982 -0.272329067679209 0.658495609891032 -0.084522703791955 0.841709333795995 -3.44659166097279 1.11638969548239 -1.08487994565789 1.65960289543365 1.52941293813137 0.805778429089078 -2.46732423713027 0.0947949766036174
0.239079888264825 -0.487240187226824 1.01499462255982 3.66477116791163 0.658495609891032 2.02738126303433 1.89655561630804 0.566973943607214 1.00270836557911 -1.15796692854973 1.65960289543365 1.52941293813137 0.805778429089078 0.204348497643247 -1.24954297437800
0.340082671992763 -0.487240187226824 1.01499462255982 3.66477116791163 0.658495609891032 -1.74628165036191 -0.25106072265735 1.04091626499911 1.02757615649545 -1.2312438711112 1.65960289543365 1.52941293813137 0.805778429089078 0.387491329529653 -1.35737008086298
0.541033777734036 -0.487240187226824 1.01499462255982 3.66477116791163 0.977797837751989 3.08308245389681 0.126250490832218 -0.583012229619965 0.746925373296724 -1.26581653098466 1.65960289543365 1.52941293813137 0.805778429089078 -0.096325589395140 -0.528361677757651
0.871305835278538 -0.487240187226824 1.01499462255982 -0.272329067679209 0.977797837751989 -0.628293936777046 -0.0764683912622949 -1.96214168736395 1.11638969548239 -1.24463602782043 1.65960289543365 1.52941293813137 0.805778429089078 0.440615894999094 3.09714973379589
1.73046542922388 -0.487240187226824 1.01499462255982 -0.272329067679209 0.977797837751989 -0.90316173606802 -1.1385700351027 -3.05519785201552 1.11638969548239 -1.26230227709643 1.65960289543365 1.52941293813137 0.805778429089078 0.440615894999094 3.54526238412309
1.85961664408077 -0.487240187226824 1.01499462255982 -0.272329067679209 1.00368720757855 0.305659539684339 1.42879625404069 1.46362157867296 1.04178632273336 -1.17715285518280 1.65960289543365 1.52941293813137 0.805778429089078 0.440615894999094 0.110198848958615
0.721959411552455 -0.487240187226824 1.01499462255982 -0.272329067679209 1.00368720757855 -0.904924166017094 -2.16921106054173 0.724954717404512 1.07375919676866 -1.15734955962342 1.65960289543365 1.52941293813137 0.805778429089078 0.440615894999094 1.20247343413118
2.32919506871705 -0.487240187226824 1.01499462255982 -0.272329067679209 1.00368720757855 1.0328722840461 0.884146829670547 0.135729128647022 0.981393116222246 -1.1440048928316 1.65960289543365 1.52941293813137 0.805778429089078 0.440615894999094 1.54555968203794
1.65704838702195 -0.487240187226824 1.01499462255982 -0.272329067679209 1.00368720757855 -0.069270264649864 1.65529999625159 -0.08772115501222 1.11638969548239 -1.1440048928316 1.65960289543365 1.52941293813137 0.805778429089078 0.406002776054056 1.27809244387389
9.92410961023358 -0.487240187226824 1.01499462255982 -0.272329067679209 1.00368720757855 -0.33871274018088 -2.56661767975125 0.972600254708385 0.82863382916471 -1.12956795793939 1.65960289543365 1.52941293813137 0.805778429089078 0.440615894999094 0.638131565125353
1.42542721017491 -0.487240187226824 1.01499462255982 -0.272329067679209 1.00368720757855 -0.362669896450139 -1.07679952068095 0.370565414021384 1.08441682144710 -1.08079581276075 1.65960289543365 1.52941293813137 0.805778429089078 0.440615894999094 1.18006780161482
0.509089516948883 -0.487240187226824 1.01499462255982 -0.272329067679209 1.25395111590200 0.704388479416825 1.15054879411964 -1.08826605572844 1.11638969548239 -1.07419471424096 1.65960289543365 1.52941293813137 0.805778429089078 0.440615894999094 1.66739030884565
1.91493228727899 -0.487240187226824 1.01499462255982 -0.272329067679209 1.25395111590200 0.179800784687773 1.21985146015068 -2.72785030270581 0.803766038248366 -1.11864527693541 1.65960289543365 1.52941293813137 0.805778429089078 -0.77599142184439 2.51740399243507
1.53440763038091 -0.487240187226824 1.01499462255982 -0.272329067679209 1.25395111590200 0.761608945680837 -0.0206342235134090 -1.43411585782523 1.04889140585232 -1.12500892586816 1.65960289543365 1.52941293813137 0.805778429089078 0.440615894999094 2.54261032901597
2.41587716953377 -0.487240187226824 1.01499462255982 -0.272329067679209 1.25395111590200 -0.986610706628106 0.661828179529722 -2.32364724181903 1.11638969548239 -1.10549056981322 1.65960289543365 1.52941293813137 0.805778429089078 0.440615894999094 2.18832126485103
2.20699609316923 -0.487240187226824 1.01499462255982 -0.272329067679209 1.25395111590200 -0.0886047582562646 -2.0207716034903 -1.82835616721128 0.743372831737247 -1.08117573210002 1.65960289543365 1.52941293813137 0.805778429089078 0.440615894999094 2.70785186882413
1.24630822851139 -0.487240187226824 1.01499462255982 -0.272329067679209 1.25395111590200 0.441531502387687 -1.65081743586576 -1.99914619293809 1.11638969548239 -1.04741040082251 1.65960289543365 1.52941293813137 0.805778429089078 0.177950517688329 2.51600364040279
0.195258691563046 -0.487240187226824 1.01499462255982 -0.272329067679209 1.25395111590200 -1.42690645139715 -0.930368457973533 -0.332520191887312 0.494694922573815 -0.772776208448566 1.65960289543365 1.52941293813137 0.805778429089078 0.237756729536401 0.855186130127593
0.925923929382207 -0.487240187226824 1.01499462255982 -0.272329067679209 1.25395111590200 -0.850410842591168 0.993348467819329 -1.77711915949324 1.00981344869807 -0.96169109989998 1.65960289543365 1.52941293813137 0.805778429089078 0.440615894999094 1.82422973646017
0.59329183073446 -0.487240187226824 1.01499462255982 -0.272329067679209 1.19354258630669 1.76748963880832 0.0554875146551164 0.265244898156518 1.07375919676866 -0.98272913331199 1.65960289543365 1.52941293813137 0.805778429089078 0.386724583223908 0.6255283968349
0.262572179187619 -0.487240187226824 1.01499462255982 -0.272329067679209 1.19354258630669 0.641380768050761 0.8760085959548 0.171310384006774 0.97428803310329 -1.00595170292480 1.65960289543365 1.52941293813137 0.805778429089078 0.440615894999094 0.940607604096216
0.471833419808692 -0.487240187226824 1.01499462255982 -0.272329067679209 1.19354258630669 -1.78773198700593 -0.682776132267248 -0.765188257061895 1.07731173832814 -1.02656232708013 1.65960289543365 1.52941293813137 0.805778429089078 0.39899252411582 1.01762696587120
4.03860887983392 -0.487240187226824 1.01499462255982 -0.272329067679209 1.19354258630669 -1.54876385501892 -1.15572578725494 -1.18362382009258 1.11638969548239 -1.09485282831370 1.65960289543365 1.52941293813137 0.805778429089078 0.440615894999094 2.51180258430598
0.732778398009006 -0.487240187226824 1.01499462255982 -0.272329067679209 1.19354258630669 1.09001933261275 -0.178543887425646 -0.615746984550937 0.327725469278368 -1.08972391723357 1.65960289543365 1.52941293813137 0.805778429089078 -0.202793790707093 2.42498075830508
2.49171238193016 -0.487240187226824 1.01499462255982 -0.272329067679209 1.19354258630669 0.164485144842252 1.13145527745558 -0.423608205608277 1.11638969548239 -1.04774283024437 1.65960289543365 1.52941293813137 0.805778429089078 0.440615894999094 1.97686810797788
1.23497305572487 -0.487240187226824 1.01499462255982 -0.272329067679209 1.19354258630669 1.10179175408405 -0.481379365022248 0.083068870714589 1.11638969548239 -1.05472384810343 1.65960289543365 1.52941293813137 0.805778429089078 0.440615894999094 1.07364104716210
7.47624707598414 -0.487240187226824 1.01499462255982 -0.272329067679209 1.19354258630669 -0.723790281115446 0.509731790468373 -0.85627627078286 1.11638969548239 -1.12534135529002 1.65960289543365 1.52941293813137 0.805778429089078 0.309940417462921 1.44613468774659
1.98832607784444 -0.487240187226824 1.01499462255982 -0.272329067679209 0.900129728272297 0.234751736869153 1.16501448392767 -3.05519785201552 1.11638969548239 -1.24278392104149 1.65960289543365 1.52941293813137 0.805778429089078 0.148376017323897 1.49654736090840
0.969311483063538 -0.487240187226824 1.01499462255982 -0.272329067679209 0.900129728272297 -0.562882915150734 -0.446391270508424 -0.963020036862116 1.11638969548239 -1.19192221949688 1.65960289543365 1.52941293813137 0.805778429089078 -0.269281648933797 -0.0732472672690842
1.25846883439313 -0.487240187226824 1.01499462255982 -0.272329067679209 0.365082751856639 -0.578490615003607 -0.157612260559428 0.807503229839137 1.11638969548239 -1.10629789840917 1.65960289543365 1.52941293813137 0.805778429089078 -1.94221255288180 0.99802203741939
5.5248534839661 -0.487240187226824 1.01499462255982 -0.272329067679209 0.365082751856639 0.479838243089936 0.213422591286152 -0.750955754917995 1.11638969548239 -1.13123010504869 1.65960289543365 1.52941293813137 0.805778429089078 -3.87835651007325 -0.356118377788132
1.21340716288487 -0.487240187226824 1.01499462255982 -0.272329067679209 0.365082751856639 -1.42111600391560 0.547321253359883 0.529969438033072 1.11638969548239 -1.07685414961584 1.65960289543365 1.52941293813137 0.805778429089078 -3.5229148297674 1.19967273006663
1.76683098868669 -0.487240187226824 1.01499462255982 -0.272329067679209 0.365082751856639 1.09939635833381 -0.961685374253738 -2.35780524696439 1.11638969548239 -1.06431681141997 1.65960289543365 1.52941293813137 0.805778429089078 -3.59148385653827 3.04113565250499
4.89825675814545 -0.487240187226824 1.01499462255982 -0.272329067679209 1.19354258630669 -0.385992798157278 -1.31274988368023 -2.51293952033291 1.11638969548239 -1.01478482756280 1.65960289543365 1.52941293813137 0.805778429089078 -2.93996856702850 3.40662753292811
1.68238104497254 -0.487240187226824 1.01499462255982 -0.272329067679209 1.07272552711606 1.82865978553665 0.706760562992273 0.212584640224086 1.11638969548239 -0.930965123336616 1.65960289543365 1.52941293813137 0.805778429089078 -3.60835227526465 2.29614837133601
0.839462719112095 -0.487240187226824 1.01499462255982 -0.272329067679209 1.07272552711606 -0.289248594873081 1.26703661726553 0.707875714831831 0.789555872010456 -0.938183590782724 1.65960289543365 1.52941293813137 0.805778429089078 -3.67056826121649 1.83963360881517
2.59570532611009 -0.487240187226824 1.01499462255982 -0.272329067679209 1.07272552711606 -0.176648903191787 1.36813538226068 -1.39568810203670 0.729162665499336 -1.01986624872552 1.65960289543365 1.52941293813137 0.805778429089078 -2.51179552286345 1.95866353155833
8.12883913139522 -0.487240187226824 1.01499462255982 -0.272329067679209 1.07272552711606 0.229175126218957 1.83550669012356 -0.46630571203998 1.11638969548239 -0.946209386824777 1.65960289543365 1.52941293813137 0.805778429089078 -3.72665027672237 1.11565160813028
0.868899290902323 -0.487240187226824 1.01499462255982 -0.272329067679209 1.40928733486139 -1.12782316026848 0.904732313747671 0.179849885293113 1.11638969548239 -0.919472563323735 1.65960289543365 1.52941293813137 0.805778429089078 -0.415401587771395 0.331454470057672
0.396331868395867 -0.487240187226824 1.01499462255982 -0.272329067679209 1.40928733486139 0.295059135893365 -0.651429668398485 -0.396566451534866 0.949420242186947 -0.912016646290584 1.65960289543365 1.52941293813137 0.805778429089078 -0.401928759827598 0.426678408252203
0.399567333612778 -0.487240187226824 1.01499462255982 -0.272329067679209 0.511789180873835 -0.522165557124915 0.536238547822973 -0.258511180739029 0.587061003120233 -0.842111487865124 1.65960289543365 1.52941293813137 0.805778429089078 -3.87923279156553 1.48954560074704
0.602054209943897 -0.487240187226824 1.01499462255982 -0.272329067679209 0.252895482608194 -0.671550068968022 0.378298872373166 -1.02421979608089 0.0719424769959816 -0.822308192305737 1.65960289543365 1.52941293813137 0.805778429089078 -3.86685531548709 0.63112980496399
1.42378796980271 -0.487240187226824 1.01499462255982 -0.272329067679209 1.07272552711606 0.794324564144013 -0.158622668224772 -0.553123975117774 0.952972783746425 -0.895395175197574 1.65960289543365 1.52941293813137 0.805778429089078 -3.82271263531351 1.64358432429702
0.567177917797964 -0.487240187226824 1.01499462255982 -0.272329067679209 0.252895482608194 -1.54892086333882 1.20953155695088 0.090185121786539 0.622586418715009 -0.827437103385866 1.65960289543365 1.52941293813137 0.805778429089078 -2.99276452693833 0.698346702513071
0.749723028097575 -0.487240187226824 1.01499462255982 -0.272329067679209 0.252895482608194 -1.10898614390819 0.364912272236238 0.780461475765725 0.913894826592171 -0.810578182705813 1.65960289543365 1.52941293813137 0.805778429089078 -3.01598598648374 0.985418869128936
0.32907185953521 -0.487240187226824 1.01499462255982 -0.272329067679209 0.252895482608194 -1.33737746162153 -0.564804415508952 0.199775388294575 0.221149222494041 -0.757294495373362 1.65960289543365 1.52941293813137 0.805778429089078 -2.83393850646268 -0.0872507875918095
1.1974449144378 -0.487240187226824 1.01499462255982 -0.272329067679209 1.36613838515045 -1.26471151579799 -2.35321939969387 -0.109069908228071 0.938762617508514 -0.746941693378287 1.65960289543365 1.52941293813137 0.805778429089078 -2.80458307647132 0.35245975054176
0.87738613821941 -0.487240187226824 1.01499462255982 -0.272329067679209 1.59914271358953 -0.0391128980547676 0.365271945639445 0.490118432030149 0.924552451270604 -0.793244362851673 1.65960289543365 1.52941293813137 0.805778429089078 -2.70359163448611 1.48674489668250
1.25643431620068 -0.487240187226824 1.01499462255982 -0.272329067679209 1.59914271358953 0.767667869434527 0.776719678449177 0.251012396012618 0.878369410997395 -0.851229552007575 1.65960289543365 1.52941293813137 0.805778429089078 -3.60572343078781 0.755761135836244
1.34437200538760 -0.487240187226824 1.01499462255982 -0.272329067679209 1.59914271358953 -1.15513687388900 -0.819241856644485 -0.188771920233915 1.11638969548239 -0.893210638996778 1.65960289543365 1.52941293813137 0.805778429089078 -3.80474886472178 1.93205684294516
2.14351912556471 -0.487240187226824 1.01499462255982 -0.272329067679209 1.59914271358953 0.77033738552623 -1.60896910667646 -0.6641374918402 0.846396536962097 -0.916005799352907 1.65960289543365 1.52941293813137 0.805778429089078 0.380919218337556 1.32430406093888
0.710413811455743 -0.487240187226824 1.01499462255982 -0.272329067679209 1.59914271358953 -2.37145083547132 0.206345898994804 0.172733634221163 1.01691853181702 -0.821548353627199 1.65960289543365 1.52941293813137 0.805778429089078 0.320784400929879 0.961612884580303
0.738590144548475 -0.487240187226824 1.01499462255982 -0.272329067679209 1.59914271358953 0.255726996579941 -1.14533728721928 0.28517040115798 1.11638969548239 -0.862722112020457 1.65960289543365 1.52941293813137 0.805778429089078 0.329218610293069 0.867789298418045
1.06827044794443 -0.487240187226824 1.01499462255982 -0.272329067679209 1.59914271358953 -0.307287613350436 -0.408652824541402 -0.612900484122157 0.995603282460156 -0.902043763634778 1.65960289543365 1.52941293813137 0.805778429089078 -1.27229535203416 1.55956320236067
0.73374334092314 -0.487240187226824 1.01499462255982 -0.272329067679209 1.59914271358953 0.710057624786048 -0.159445092596655 -0.0478701490092973 0.995603282460156 -0.758434253391169 1.65960289543365 1.52941293813137 0.805778429089078 0.348825408682821 0.530304458640369
0.664481366161111 -0.487240187226824 1.01499462255982 -0.272329067679209 1.36613838515045 -0.0755072629104755 -0.0407721513377206 -0.141804663159043 1.07020665520919 -0.728230665919298 1.65960289543365 1.52941293813137 0.805778429089078 0.440615894999094 0.766963952094424
0.454858562592693 -0.487240187226824 1.01499462255982 -0.272329067679209 1.36613838515045 1.02245495565017 -0.0147784886716093 0.188389386579454 1.05599648897127 -0.764607942654287 1.65960289543365 1.52941293813137 0.805778429089078 -0.574665748993186 0.93220549190258
0.212475365798492 -0.487240187226824 1.01499462255982 -0.272329067679209 1.36613838515045 -0.424110105580641 0.8267914829772 0.527122937604292 1.05244394741180 -0.683780103224848 1.65960289543365 1.52941293813137 0.805778429089078 -0.0151600161727554 0.710949870803524
0.171672231512488 -0.487240187226824 1.01499462255982 -0.272329067679209 1.36613838515045 -1.06767821819297 -0.739954132518014 0.0175993608526451 0.825081287605231 -0.67760641396173 1.65960289543365 1.52941293813137 0.805778429089078 0.31125483970134 0.646533677318988
0.685935651145979 -0.487240187226824 1.01499462255982 -0.272329067679209 1.36613838515045 -1.39396848771269 -0.324724064332206 0.631020203254767 0.906789743473216 -0.616866809596129 1.65960289543365 1.52941293813137 0.805778429089078 -3.833666153967 0.84818436996623
0.132400217489033 -0.487240187226824 1.01499462255982 -0.272329067679209 1.36613838515045 1.25790487097491 0.119842538300953 0.342100409733583 0.636796584952919 -0.645503229793516 1.65960289543365 1.52941293813137 0.805778429089078 -3.34908248873646 0.766963952094424
0.122688008929176 -0.487240187226824 1.01499462255982 -0.272329067679209 1.36613838515045 -0.527960639776327 -2.7025386623501 -0.439263957966568 0.686532166785606 -0.576737829385861 1.65960289543365 1.52941293813137 0.805778429089078 -3.79204278308373 0.890194930934405
0.533282844711705 -0.487240187226824 1.01499462255982 -0.272329067679209 1.36613838515045 -1.41968121935127 0.392819868205825 -0.496193966542171 0.416539008265308 -0.48242285341238 1.65960289543365 1.52941293813137 0.805778429089078 -3.86849834328511 0.600322060253995
0.48115848862107 -0.487240187226824 1.01499462255982 -0.272329067679209 1.36613838515045 1.74480197980897 0.223960706070296 0.0232923617102061 0.537325421287547 -0.480570746633444 1.65960289543365 1.52941293813137 0.805778429089078 -0.925178345904967 0.500897065962646
0.370589981643133 -0.487240187226824 1.01499462255982 -0.272329067679209 1.36613838515045 0.459526364133237 0.503769952267381 -0.289822685455610 0.56219321220389 -0.511724132453487 1.65960289543365 1.52941293813137 0.805778429089078 0.440615894999094 0.286643205024952
0.00925257517261725 -0.487240187226824 1.01499462255982 -0.272329067679209 1.36613838515045 -1.31148100226526 0.835616817043196 0.130036127789462 0.704294874582994 -0.583148968236022 1.65960289543365 1.52941293813137 0.805778429089078 0.380700147964487 0.279641444863589
0.491283413728539 -0.487240187226824 1.01499462255982 -0.272329067679209 0.865610568503544 -0.476438564381405 -0.679220334591276 -0.107646658013681 -0.112789684096853 -0.394946425545737 1.65960289543365 1.52941293813137 0.805778429089078 0.440615894999094 0.0793911042486198
0.094024554052081 -0.487240187226824 1.01499462255982 -0.272329067679209 0.252895482608194 -0.276787257104831 0.955864247887895 -0.400836202178036 0.920999909711127 -0.595876266101528 1.65960289543365 1.52941293813137 0.805778429089078 -0.278044463856591 1.21367625038936
1.39070089108431 -0.487240187226824 1.01499462255982 -0.272329067679209 0.218376322839442 -1.09379173683279 -0.127973849946257 -0.510426468686072 0.0861526432338922 -0.421065880120467 1.65960289543365 1.52941293813137 0.805778429089078 0.132164809716727 0.766963952094424
1.09998568011020 -0.487240187226824 1.01499462255982 -0.272329067679209 0.218376322839442 0.469987073327347 1.83699394758763 -0.813578764351157 -0.421860799771403 -0.461289840165552 1.65960289543365 1.52941293813137 0.805778429089078 0.440615894999094 0.295045317218587
0.0854807402256046 -0.487240187226824 1.01499462255982 -0.272329067679209 0.218376322839442 1.59179410860261 3.49529034386673 -0.167423167018064 0.547983045965979 -0.361703483359716 1.65960289543365 1.52941293813137 0.805778429089078 0.440615894999094 0.509299178156281
0.0493965255642664 -0.487240187226824 1.01499462255982 -0.272329067679209 -0.195853594385582 -0.163492177955343 -1.926210334725 -0.0791816537258793 0.786003330450978 -0.330407627787448 1.65960289543365 1.52941293813137 0.805778429089078 0.42341887071311 0.0303787831190816
-0.00521343046663237 -0.487240187226824 1.01499462255982 -0.272329067679209 0.218376322839442 -1.04430363107707 -0.448292637762426 0.216854390867256 0.228254305612996 -0.426717180292091 1.65960289543365 1.52941293813137 0.805778429089078 0.401949974152263 0.239031235927686
0.120137304406753 -0.487240187226824 1.01499462255982 -0.272329067679209 0.511789180873835 0.402512133847903 -1.78054646617130 0.989679257281066 -0.0346337697883462 -0.599390519989764 1.65960289543365 1.52941293813137 0.805778429089078 0.197228710518477 -0.139063812785892
0.516449822478264 -0.487240187226824 1.01499462255982 -0.272329067679209 0.252895482608194 -0.229241337110353 -0.448538281980212 -1.22062832566672 0.952972783746425 -0.648352624838031 1.65960289543365 1.52941293813137 0.805778429089078 -0.0448440517237222 0.768364304126697
0.323150830304261 -0.487240187226824 1.01499462255982 -0.272329067679209 0.252895482608194 -0.0769668150411939 0.977678662870436 -0.174539418090014 1.02402361493598 -0.75463505999848 1.65960289543365 1.52941293813137 0.805778429089078 -0.590548351040751 1.60297411536112
1.32649149693050 -0.487240187226824 1.01499462255982 -0.272329067679209 0.511789180873835 -0.218290079424742 -0.695983832769167 -1.39568810203670 1.0204710733765 -0.804641943029738 1.65960289543365 1.52941293813137 0.805778429089078 -0.0787999595495506 1.71640262997519
1.24630822851139 -0.487240187226824 1.01499462255982 -0.272329067679209 0.511789180873835 -0.39643066737866 -0.725705859997881 -0.0791816537258793 0.690084708345083 -0.875639369555596 1.65960289543365 1.52941293813137 0.805778429089078 0.291867111684657 0.063987231893622
0.256987136103880 -0.487240187226824 1.01499462255982 -0.272329067679209 -0.195853594385582 1.68439399053390 -0.256351648721651 -0.0606794009388085 -0.137657475013196 -0.176112886126903 1.65960289543365 1.52941293813137 0.805778429089078 0.440615894999094 -0.267896199754964
0.243520950833493 -0.487240187226824 1.01499462255982 -0.272329067679209 -0.195853594385582 0.492598845406035 -1.74146153172816 0.662331707971349 0.224701764053519 -0.220041059729859 1.65960289543365 1.52941293813137 0.805778429089078 0.398663918556215 -0.688001809436718
-0.0924419447407545 -0.487240187226824 1.01499462255982 -0.272329067679209 -0.195853594385582 0.929816792124878 0.749012218275364 -0.743839503846044 -1.00447761552573 0.144016647124476 1.65960289543365 1.52941293813137 0.805778429089078 0.397020890758192 -0.312707464787684
0.00699251610625856 -0.487240187226824 1.01499462255982 -0.272329067679209 0.244265692666006 0.868044752635026 -1.20586463875653 0.0389481140684971 -0.592382794626328 0.0933923951669074 1.65960289543365 1.52941293813137 0.805778429089078 0.349920760548171 -0.290301832271324
0.241610828896236 -0.487240187226824 1.01499462255982 -0.272329067679209 0.244265692666006 0.256270206541574 -0.400979417264172 -0.242855428380738 0.39877630046792 -0.118317656640636 1.65960289543365 1.52941293813137 0.805778429089078 0.394392046281353 0.325853061928582
0.142084524085107 -0.487240187226824 1.01499462255982 -0.272329067679209 0.244265692666006 -0.0117626000713333 1.01079979502387 -0.540314723188263 -0.546199754353119 -0.305237971560889 1.65960289543365 1.52941293813137 0.805778429089078 0.345539353086774 -0.168471205463615
-0.398783418014717 -0.487240187226824 2.42017014094048 -0.272329067679209 0.468640231162895 0.757956370857811 1.08244858681912 -1.23913057845379 1.05599648897127 -0.968624627841637 -0.637331090040713 1.79641643892300 0.759587890387473 -0.138277565838018 1.58476953894157
-0.407808540716437 -0.487240187226824 2.42017014094048 -0.272329067679209 0.468640231162895 0.0788864753993406 1.26522399358246 -0.429301206465838 1.07375919676866 -0.915103490922143 -0.637331090040713 1.79641643892300 0.759587890387473 0.366241503341876 0.758561839900789
-0.407159820058501 -0.487240187226824 2.42017014094048 -0.272329067679209 0.468640231162895 1.94674834417742 -1.20069961172445 -0.429301206465838 0.530220338168591 -0.800272870628146 -0.637331090040713 1.79641643892300 0.759587890387473 0.440615894999094 0.0975956806681623
-0.392302024344476 -0.487240187226824 -0.210889828641555 -0.272329067679209 0.261525272550382 -0.850954907014734 0.95801013190026 -0.378064198747795 -0.116342225656331 -0.658183037741612 -0.407637691493277 -0.102275122261951 0.343873042073021 0.440615894999094 0.0373805432804443
-0.399427488345357 -0.487240187226824 -0.210889828641555 -0.272329067679209 0.261525272550382 -0.0196076741266340 1.60032656132723 -1.01852679522333 0.174966182220832 -0.662552110143203 -0.407637691493277 -0.102275122261951 0.343873042073021 0.428238418920647 0.342657286315852
-0.394015669953433 -0.487240187226824 -0.210889828641555 -0.272329067679209 0.261525272550382 -0.784051707112388 -1.26298914490023 -0.366678197032674 0.395223758908443 -0.615869521330548 -0.407637691493277 -0.102275122261951 0.343873042073021 0.440615894999094 0.234830179830869
-0.412820430960816 -0.487240187226824 0.115623984758098 -0.272329067679209 0.157967793244126 -0.197947043749053 -0.418996158157293 0.438881424312107 0.0186543536038177 -0.625177545142634 -0.981871187861868 -0.802417635448903 1.17530273870192 0.386834118410443 -0.417733867208123
-0.414838673007729 -0.487240187226824 0.115623984758098 -0.272329067679209 0.157967793244126 1.13001746974888 -0.432694742394110 -0.234315927094397 0.288647512124115 -0.71593077731047 -0.981871187861868 -0.802417635448903 1.17530273870192 0.440615894999094 -0.500354637112201
-0.413037833761952 -0.487240187226824 0.115623984758098 -0.272329067679209 0.157967793244126 2.21894394978292 -0.247924587730692 0.983986256423505 0.79666095512941 -0.772918678200792 -0.981871187861868 -0.802417635448903 1.17530273870192 0.440615894999094 -0.982075736213946
-0.407360946714097 -0.487240187226824 0.115623984758098 -0.272329067679209 0.157967793244126 -1.55215184846945 -0.409845022336853 0.724954717404512 0.736267748618292 -0.667776001058149 -0.981871187861868 -0.802417635448903 1.17530273870192 0.402826255644543 -0.864446165503055
-0.414589880497337 -0.487240187226824 0.115623984758098 -0.272329067679209 0.157967793244126 0.182510557534959 -0.744416154678829 -0.362408446389504 0.434301716062696 -0.612640206946764 -0.981871187861868 -0.802417635448903 1.17530273870192 0.440615894999094 -0.668396880984903
