4.4970249
1.7572682
2.0093448
-1.5073673
5.2374846
0.73450428
3.3784243
2.9141333
10.358684
8.6531912
7.5544377
11.032285
3.7234601
11.85335
9.1516244
-3.5427174
7.8305554
2.3469988
4.4800554
-1.2165585
6.9332372
9.2777895
-4.070551
3.4566372
1.7980896
9.628359
1.8048051
2.5424801
8.625939
7.8626691
-2.8174477
-0.62859563
3.4427246
4.0017789
9.3184495
6.1928045
-0.95217727
11.470346
11.100754
7.1622656
3.4492085
6.9126457
-0.010777135
5.7351564
10.378418
-0.72123756
3.5458639
9.8358766
3.7088873
-0.62500378
-4.9779585
3.2798363
6.9762965
-1.8707854
8.1353418
11.171635
-2.3429246
6.3589285
-0.28015898
11.65283
-4.3975951
3.7834624
9.0595416
-3.49337
9.8756453
-3.4374984
4.097905
6.7389056
7.4927089
11.69403
4.2311613
-1.4937856
2.3348046
4.4828742
8.7256175
