0.755102040816326
-2.34693877551020
-0.959183673469388
0.265306122448979
-0.795918367346939
-0.877551020408164
0.346938775510204
-2.26530612244898
-1.93877551020408
0.102040816326531
-2.6734693877551
-1.36734693877551
-0.714285714285714
-0.387755102040817
-1.77551020408163
-2.02040816326531
-1.85714285714286
-2.18367346938776
0.836734693877551
-2.59183673469388
0.510204081632653
0.918367346938775
0.183673469387755
-0.63265306122449
-1.69387755102041
-1.04081632653061
-2.75510204081633
0.0204081632653059
-0.224489795918367
-2.42857142857143
