-1.198423215372230146e+02
-2.333716721288128326e+02
2.581929978988841867e+02
-2.833166353818347716e+02
7.108146623939836672e+01
-2.960243762990392042e+02
2.070258550240959039e+01
-3.279645954283236051e+02
-1.009487258590720842e+02
4.563015939303323876e+02
2.871266656985595773e+02
-2.983565412528618026e+02
-2.930188044206577729e+02
-2.484935631516277112e+02
-2.702494325810286000e+02
-3.238708201461490717e+02
-2.920404781668204350e+02
2.702819739018024165e+02
-3.203779471295015355e+02
-3.362389614835417433e+02
7.203862329713862778e+01
1.411191437539152105e+02
-2.749394436683206777e+02
-3.286140806343022405e+02
-2.334536572806007939e+02
-3.089719724838355432e+02
-2.967005345805916932e+02
-3.094437300504278028e+02
2.214799064686920076e+02
-2.310820270365241811e+02
-2.343990162398172004e+02
1.714060239057060642e+02
-3.224307915254781847e+02
-1.638242885726043028e+02
-2.365421060667604820e+02
-2.343990162398172004e+02
-2.738548703264227697e+02
8.084193188149839671e+00
-2.014924311861734054e+02
-2.356781249536118423e+02
-3.417422003180662387e+02
-3.362083964152208182e+02
-3.118596256637954411e+02
-3.240118783548626311e+02
-2.557650556642449260e+02
8.810979070407842073e+01
-3.203779471295015355e+02
-2.341250636049552440e+02
-2.425789440907516052e+02
-3.091497001232220327e+02
1.090621548372624545e+02
1.780378552719738821e+02
-4.456897088101199245e+01
-1.757888703939241850e+02
2.688951249588614019e+02
-2.752582295164206698e+02
2.990552791201616856e+02
3.095673305889021094e+02
-2.549083289400970784e+02
-3.069191280878590078e+02
-3.569598338284796455e+02
8.137481402424933208e+01
-2.403195787142929021e+02
4.475411038453298715e+02
1.658241374034535909e+02
-2.488123489997277886e+02
-2.939320666128086259e+02
-2.649320996770940155e+02
-3.133964471238888336e+02
-2.326631138659085991e+02
-2.705011971838189311e+02
-3.098543047981220866e+01
3.826027459437926836e+02
-3.232519000084913614e+02
-2.422177366993926739e+02
-2.977225996185569556e+02
-3.271740520136314672e+02
-2.607792245773229922e+01
-2.084938869427406871e+02
1.826250225876248408e+02
-2.148027950971580253e+02
-3.150660646918552175e+02
-2.250975356310579514e+02
2.059471799445989575e+02
-2.825795854341049562e+02
-3.376484250358916483e+02
-3.037569544290902286e+02
-2.621891828895824119e+02
-3.400200552799682328e+02
-3.157680773679654180e+02
3.178194356104447706e+02
-3.157055241204050162e+02
6.527544206834468810e+01
-2.646427982854469292e+02
-2.970942402715774051e+02
1.282562024645215502e+02
-2.827628926634547497e+02
1.485695217558076990e+02
-2.801544617230659924e+02
-3.053380412584746182e+02
-2.677229867924278324e+02
-2.174195249951291942e+02
3.021519328763278054e+02
-6.157099959880127926e+00
1.629591743419700549e+02
-2.978847836862696568e+02
-2.895075919727554492e+02
-2.683652602493898485e+02
-3.385800266592973458e+02
-2.517442675489785131e+02
-3.097625158985277949e+02
-6.315107557386830450e+01
-3.102342734651200544e+02
4.104978023623112904e+01
-2.820543344005504878e+02
-2.619523821932702958e+02
-2.605490230032722820e+02
2.595940398454802107e+02
6.957621914490820814e+01
-2.729674625288295147e+02
-2.954250639280533051e+02
-2.571684148542428829e+02
-3.073908856544511536e+02
-3.537976601697107526e+02
-3.309857108783788249e+02
-2.693040736218122220e+02
4.113450694095366771e+02
-2.460269123506821529e+02
-3.118153602945044440e+02
-2.517442675489785131e+02
-2.408578494044776050e+02
-2.255349361376040633e+02
1.261127023866428658e+02
1.388953222739230853e+02
-2.887170485580631976e+02
-1.589010002404307897e+02
2.539917952581708960e+01
3.614081536256049958e+02
-2.851345229075313910e+02
-2.749394436683206777e+02
-1.842455699080057343e+02
-2.220330547715686862e+02
-3.294046240489944353e+02
-1.319272548873749429e+01
-2.234499465294808260e+02
-2.087658535269778781e+02
4.142458897086715979e+02
-2.036880258547978428e+01
-2.999376280822461922e+02
-2.744676861017284750e+02
-4.284283359410252956e+00
-3.129246895572965741e+02
-1.867157008995857268e+02
4.386036953701201355e+02
-2.757299870830128157e+02
-5.757748041193337940e-01
1.296371209086779572e+02
1.743803060390841040e+02
9.321010585778543600e+01
5.265901070935800021e+01
-2.790332189504952112e+02
-2.795684957614784025e+02
-2.290882411888354113e+02
-3.362083964152208182e+02
-2.887170485580631976e+02
-2.580686148665160999e+02
1.716182454072471444e+02
-2.819723492487626118e+02
-1.698533437522563645e+02
-1.051453370690937277e+02
-3.149775339532732232e+02
-3.377894832446052078e+02
-3.301951674636866301e+02
-1.495936647123630792e+01
-2.233798001657814893e+02
-3.696419381709699792e+01
1.819392096507947656e+02
-2.771333462730108295e+02
-3.416011421093526224e+02
1.970361267828584744e+02
1.988861700002692601e+01
1.968329288905047747e+01
-2.322191499792091918e+02
-3.255929651842470207e+02
2.691558417909466243e+02
-2.978847836862696568e+02
-2.887170485580631976e+02
-2.496442454370235851e+02
2.386215520013152229e+02
-3.091497001232220327e+02
-3.417422003180662387e+02
-2.561345559718166669e+02
-2.004244144170793618e+01
-3.036259038289742875e+02
-2.557650556642449260e+02
2.048654652438778214e+02
-3.377894832446052078e+02
-7.642583397993664107e+01
-2.449756786407892264e+02
2.612105828872583970e+02
-2.533934254201683416e+02
-3.152143346495853393e+02
1.159747664110372227e+02
-3.037569544290902286e+02
-3.224307915254781847e+02
-2.778363249459517306e+02
1.244826605667534807e+02
2.201155949644007990e+02
-2.907698929540398467e+02
3.205328510894132705e+02
