2.3881414
1.4709548
1.9221703
-0.71916443
2.2081153
0.85151329
2.4610672
2.2643926
1.3242955
0.90302504
1.4083926
1.7651026
2.1200465
2.1211766
1.1718142
-1.5011527
1.157863
2.1056512
2.0456873
-0.4384092
1.3157936
1.2275555
-1.6038757
1.7080061
1.5400972
1.4128871
1.7304581
2.0884899
0.92077948
1.3665559
-1.3701397
0.12501713
2.3377298
1.9671808
1.0287304
1.7779095
-0.45044438
1.9818928
1.7838535
1.4517493
2.1508126
1.7471908
0.42413595
2.0126373
1.3596056
-0.041704261
1.9744402
1.5950321
2.3623765
0.14789525
-1.6942251
1.9795313
1.5654509
-0.79712021
1.1414546
1.9130043
-1.1813651
1.5030352
0.40247523
2.1215361
-1.5990128
2.0958237
1.1202852
-1.2828881
1.1213807
-1.3721798
2.328902
1.6476588
1.2571767
2.1346928
2.0858834
-0.30838877
1.8823554
2.268271
1.1620196
