25.5070169833993
78.514203486647
66.6240554230727
41.8493855546084
51.4776369644209
62.6415900429203
38.906100660462
72.9804813010226
68.1785858288933
32.8645120449486
77.6732784365079
56.7075938486157
49.6876511506821
51.993454537301
71.3623648832227
76.8938542139514
69.2201699572987
60.6571442313648
32.8505835435809
66.7981982220026
35.0526051663523
40.942118208724
32.4727064078169
51.3749265389187
69.394354432338
64.3054903467722
85.4317972137439
49.1256771108626
38.6707657281791
83.1750489053084
